"Time (UTCG)","Satellite12517 - x (km)","Satellite12517 - y (km)","Satellite12517 - z (km)","Lat (deg)","Lon (deg)","Alt (km)"
21 Mar 2024 10:50:00.000,1119.818865,-5712.630053,3793.213856,33.250,-78.909,576.393604
21 Mar 2024 10:50:05.000,1129.356076,-5691.486017,3822.060903,33.535,-78.777,576.491086
21 Mar 2024 10:50:10.000,1138.875524,-5670.180906,3850.794568,33.820,-78.643,576.588916
21 Mar 2024 10:50:15.000,1148.377045,-5648.715337,3879.413998,34.105,-78.508,576.687081
21 Mar 2024 10:50:20.000,1157.860476,-5627.089931,3907.918345,34.389,-78.373,576.785569
21 Mar 2024 10:50:25.000,1167.325655,-5605.305313,3936.306763,34.673,-78.236,576.884370
21 Mar 2024 10:50:30.000,1176.772418,-5583.362112,3964.578410,34.957,-78.098,576.983471
21 Mar 2024 10:50:35.000,1186.200602,-5561.260963,3992.732448,35.241,-77.959,577.082860
21 Mar 2024 10:50:40.000,1195.610046,-5539.002506,4020.768040,35.525,-77.819,577.182525
21 Mar 2024 10:50:45.000,1205.000587,-5516.587382,4048.684356,35.808,-77.678,577.282456
21 Mar 2024 10:50:50.000,1214.372061,-5494.016241,4076.480566,36.091,-77.536,577.382639
21 Mar 2024 10:50:55.000,1223.724307,-5471.289735,4104.155848,36.374,-77.393,577.483063
21 Mar 2024 10:51:00.000,1233.057162,-5448.408521,4131.709379,36.657,-77.248,577.583716
21 Mar 2024 10:51:05.000,1242.370464,-5425.373260,4159.140342,36.939,-77.102,577.684587
21 Mar 2024 10:51:10.000,1251.664052,-5402.184619,4186.447924,37.221,-76.955,577.785662
21 Mar 2024 10:51:15.000,1260.937762,-5378.843266,4213.631314,37.503,-76.807,577.886930
21 Mar 2024 10:51:20.000,1270.191433,-5355.349877,4240.689706,37.784,-76.657,577.988379
21 Mar 2024 10:51:25.000,1279.424903,-5331.705132,4267.622298,38.066,-76.506,578.089997
21 Mar 2024 10:51:30.000,1288.638010,-5307.909712,4294.428290,38.347,-76.354,578.191772
21 Mar 2024 10:51:35.000,1297.830593,-5283.964307,4321.106887,38.628,-76.200,578.293691
21 Mar 2024 10:51:40.000,1307.002490,-5259.869607,4347.657298,38.908,-76.045,578.395743
21 Mar 2024 10:51:45.000,1316.153539,-5235.626310,4374.078735,39.188,-75.889,578.497915
21 Mar 2024 10:51:50.000,1325.283580,-5211.235115,4400.370414,39.468,-75.731,578.600196
21 Mar 2024 10:51:55.000,1334.392450,-5186.696728,4426.531556,39.748,-75.572,578.702573
21 Mar 2024 10:52:00.000,1343.479989,-5162.011857,4452.561384,40.027,-75.412,578.805034
21 Mar 2024 10:52:05.000,1352.546036,-5137.181216,4478.459126,40.306,-75.250,578.907567
21 Mar 2024 10:52:10.000,1361.590430,-5112.205522,4504.224014,40.585,-75.086,579.010160
21 Mar 2024 10:52:15.000,1370.613010,-5087.085497,4529.855284,40.863,-74.921,579.112800
21 Mar 2024 10:52:20.000,1379.613615,-5061.821867,4555.352175,41.142,-74.754,579.215475
21 Mar 2024 10:52:25.000,1388.592085,-5036.415360,4580.713930,41.419,-74.586,579.318173
21 Mar 2024 10:52:30.000,1397.548258,-5010.866712,4605.939798,41.697,-74.416,579.420883
21 Mar 2024 10:52:35.000,1406.481976,-4985.176661,4631.029031,41.974,-74.244,579.523591
21 Mar 2024 10:52:40.000,1415.393077,-4959.345948,4655.980883,42.251,-74.071,579.626286
21 Mar 2024 10:52:45.000,1424.281402,-4933.375319,4680.794615,42.527,-73.896,579.728955
21 Mar 2024 10:52:50.000,1433.146790,-4907.265525,4705.469490,42.803,-73.720,579.831586
21 Mar 2024 10:52:55.000,1441.989081,-4881.017319,4730.004777,43.079,-73.541,579.934167
21 Mar 2024 10:53:00.000,1450.808116,-4854.631461,4754.399747,43.354,-73.361,580.036687
21 Mar 2024 10:53:05.000,1459.603736,-4828.108711,4778.653678,43.629,-73.179,580.139131
21 Mar 2024 10:53:10.000,1468.375780,-4801.449837,4802.765849,43.904,-72.995,580.241490
21 Mar 2024 10:53:15.000,1477.124090,-4774.655607,4826.735546,44.178,-72.810,580.343750
21 Mar 2024 10:53:20.000,1485.848505,-4747.726796,4850.562057,44.452,-72.622,580.445899
21 Mar 2024 10:53:25.000,1494.548868,-4720.664180,4874.244675,44.725,-72.432,580.547925
21 Mar 2024 10:53:30.000,1503.225018,-4693.468543,4897.782698,44.998,-72.241,580.649817
21 Mar 2024 10:53:35.000,1511.876798,-4666.140668,4921.175427,45.271,-72.047,580.751561
21 Mar 2024 10:53:40.000,1520.504048,-4638.681345,4944.422169,45.543,-71.851,580.853147
21 Mar 2024 10:53:45.000,1529.106611,-4611.091367,4967.522235,45.815,-71.654,580.954561
21 Mar 2024 10:53:50.000,1537.684327,-4583.371530,4990.474937,46.086,-71.454,581.055792
21 Mar 2024 10:53:55.000,1546.237039,-4555.522634,5013.279597,46.357,-71.252,581.156829
21 Mar 2024 10:54:00.000,1554.764587,-4527.545484,5035.935537,46.627,-71.047,581.257658
21 Mar 2024 10:54:05.000,1563.266816,-4499.440887,5058.442086,46.897,-70.841,581.358268
21 Mar 2024 10:54:10.000,1571.743566,-4471.209655,5080.798575,47.167,-70.632,581.458648
21 Mar 2024 10:54:15.000,1580.194680,-4442.852602,5103.004341,47.436,-70.421,581.558785
21 Mar 2024 10:54:20.000,1588.620000,-4414.370546,5125.058726,47.704,-70.207,581.658667
21 Mar 2024 10:54:25.000,1597.019370,-4385.764311,5146.961075,47.972,-69.992,581.758282
21 Mar 2024 10:54:30.000,1605.392632,-4357.034721,5168.710740,48.240,-69.773,581.857620
21 Mar 2024 10:54:35.000,1613.739628,-4328.182606,5190.307073,48.507,-69.552,581.956668
21 Mar 2024 10:54:40.000,1622.060204,-4299.208798,5211.749435,48.773,-69.329,582.055414
21 Mar 2024 10:54:45.000,1630.354200,-4270.114134,5233.037190,49.039,-69.103,582.153846
21 Mar 2024 10:54:50.000,1638.621462,-4240.899453,5254.169707,49.305,-68.874,582.251954
21 Mar 2024 10:54:55.000,1646.861833,-4211.565598,5275.146357,49.569,-68.643,582.349725
21 Mar 2024 10:55:00.000,1655.075157,-4182.113415,5295.966520,49.834,-68.409,582.447148
21 Mar 2024 10:55:05.000,1663.261277,-4152.543755,5316.629577,50.097,-68.172,582.544211
21 Mar 2024 10:55:10.000,1671.420038,-4122.857470,5337.134915,50.360,-67.932,582.640903
21 Mar 2024 10:55:15.000,1679.551285,-4093.055418,5357.481927,50.623,-67.690,582.737212
21 Mar 2024 10:55:20.000,1687.654862,-4063.138457,5377.670008,50.885,-67.444,582.833128
21 Mar 2024 10:55:25.000,1695.730613,-4033.107452,5397.698560,51.146,-67.196,582.928638
21 Mar 2024 10:55:30.000,1703.778384,-4002.963267,5417.566988,51.407,-66.944,583.023732
21 Mar 2024 10:55:35.000,1711.798020,-3972.706774,5437.274703,51.666,-66.689,583.118398
21 Mar 2024 10:55:40.000,1719.789366,-3942.338844,5456.821121,51.926,-66.431,583.212625
21 Mar 2024 10:55:45.000,1727.752267,-3911.860354,5476.205662,52.184,-66.170,583.306402
21 Mar 2024 10:55:50.000,1735.686570,-3881.272182,5495.427750,52.442,-65.906,583.399717
21 Mar 2024 10:55:55.000,1743.592121,-3850.575211,5514.486815,52.699,-65.638,583.492561
21 Mar 2024 10:56:00.000,1751.468764,-3819.770326,5533.382292,52.956,-65.367,583.584921
21 Mar 2024 10:56:05.000,1759.316348,-3788.858416,5552.113621,53.212,-65.093,583.676787
21 Mar 2024 10:56:10.000,1767.134718,-3757.840372,5570.680246,53.466,-64.815,583.768149
21 Mar 2024 10:56:15.000,1774.923721,-3726.717088,5589.081615,53.721,-64.533,583.858994
21 Mar 2024 10:56:20.000,1782.683203,-3695.489463,5607.317184,53.974,-64.248,583.949313
21 Mar 2024 10:56:25.000,1790.413013,-3664.158395,5625.386410,54.227,-63.959,584.039096
21 Mar 2024 10:56:30.000,1798.112998,-3632.724790,5643.288759,54.478,-63.666,584.128330
21 Mar 2024 10:56:35.000,1805.783004,-3601.189552,5661.023699,54.729,-63.369,584.217006
21 Mar 2024 10:56:40.000,1813.422880,-3569.553592,5678.590704,54.980,-63.068,584.305114
21 Mar 2024 10:56:45.000,1821.032474,-3537.817821,5695.989253,55.229,-62.764,584.392643
21 Mar 2024 10:56:50.000,1828.611635,-3505.983154,5713.218829,55.477,-62.455,584.479582
21 Mar 2024 10:56:55.000,1836.160210,-3474.050508,5730.278922,55.725,-62.142,584.565922
21 Mar 2024 10:57:00.000,1843.678048,-3442.020805,5747.169025,55.971,-61.825,584.651652
21 Mar 2024 10:57:05.000,1851.164998,-3409.894968,5763.888638,56.217,-61.503,584.736762
21 Mar 2024 10:57:10.000,1858.620910,-3377.673922,5780.437264,56.461,-61.177,584.821242
21 Mar 2024 10:57:15.000,1866.045633,-3345.358596,5796.814412,56.705,-60.847,584.905082
21 Mar 2024 10:57:20.000,1873.439016,-3312.949921,5813.019598,56.947,-60.512,584.988272
21 Mar 2024 10:57:25.000,1880.800909,-3280.448832,5829.052339,57.189,-60.173,585.070803
21 Mar 2024 10:57:30.000,1888.131163,-3247.856265,5844.912161,57.429,-59.829,585.152665
21 Mar 2024 10:57:35.000,1895.429628,-3215.173159,5860.598592,57.669,-59.480,585.233847
21 Mar 2024 10:57:40.000,1902.696154,-3182.400455,5876.111168,57.907,-59.126,585.314341
21 Mar 2024 10:57:45.000,1909.930593,-3149.539099,5891.449428,58.144,-58.767,585.394138
21 Mar 2024 10:57:50.000,1917.132794,-3116.590037,5906.612918,58.380,-58.403,585.473226
21 Mar 2024 10:57:55.000,1924.302611,-3083.554218,5921.601187,58.615,-58.034,585.551598
21 Mar 2024 10:58:00.000,1931.439894,-3050.432594,5936.413791,58.849,-57.659,585.629245
21 Mar 2024 10:58:05.000,1938.544496,-3017.226119,5951.050290,59.081,-57.280,585.706156
21 Mar 2024 10:58:10.000,1945.616268,-2983.935750,5965.510251,59.312,-56.894,585.782323
21 Mar 2024 10:58:15.000,1952.655062,-2950.562445,5979.793244,59.542,-56.504,585.857736
21 Mar 2024 10:58:20.000,1959.660733,-2917.107166,5993.898845,59.770,-56.107,585.932388
21 Mar 2024 10:58:25.000,1966.633132,-2883.570876,6007.826637,59.998,-55.705,586.006270
21 Mar 2024 10:58:30.000,1973.572113,-2849.954542,6021.576205,60.223,-55.298,586.079371
21 Mar 2024 10:58:35.000,1980.477529,-2816.259131,6035.147143,60.448,-54.884,586.151685
21 Mar 2024 10:58:40.000,1987.349234,-2782.485613,6048.539047,60.671,-54.464,586.223202
21 Mar 2024 10:58:45.000,1994.187082,-2748.634962,6061.751521,60.892,-54.038,586.293914
21 Mar 2024 10:58:50.000,2000.990928,-2714.708151,6074.784171,61.112,-53.606,586.363813
21 Mar 2024 10:58:55.000,2007.760627,-2680.706159,6087.636613,61.330,-53.168,586.432890
21 Mar 2024 10:59:00.000,2014.496032,-2646.629963,6100.308463,61.547,-52.723,586.501138
21 Mar 2024 10:59:05.000,2021.197000,-2612.480544,6112.799348,61.762,-52.272,586.568548
21 Mar 2024 10:59:10.000,2027.863386,-2578.258887,6125.108895,61.976,-51.814,586.635112
21 Mar 2024 10:59:15.000,2034.495045,-2543.965975,6137.236740,62.188,-51.350,586.700824
21 Mar 2024 10:59:20.000,2041.091834,-2509.602797,6149.182523,62.398,-50.878,586.765673
21 Mar 2024 10:59:25.000,2047.653610,-2475.170341,6160.945889,62.606,-50.400,586.829654
21 Mar 2024 10:59:30.000,2054.180228,-2440.669598,6172.526490,62.813,-49.914,586.892759
21 Mar 2024 10:59:35.000,2060.671547,-2406.101561,6183.923983,63.017,-49.422,586.954980
21 Mar 2024 10:59:40.000,2067.127423,-2371.467225,6195.138028,63.220,-48.922,587.016310
21 Mar 2024 10:59:45.000,2073.547715,-2336.767587,6206.168294,63.421,-48.416,587.076742
21 Mar 2024 10:59:50.000,2079.932279,-2302.003645,6217.014453,63.620,-47.901,587.136269
21 Mar 2024 10:59:55.000,2086.280975,-2267.176400,6227.676183,63.817,-47.379,587.194883
21 Mar 2024 11:00:00.000,2092.593661,-2232.286853,6238.153168,64.012,-46.850,587.252578
21 Mar 2024 11:00:05.000,2098.870196,-2197.336008,6248.445098,64.204,-46.313,587.309347
21 Mar 2024 11:00:10.000,2105.110439,-2162.324872,6258.551666,64.395,-45.768,587.365183
21 Mar 2024 11:00:15.000,2111.314250,-2127.254450,6268.472574,64.583,-45.215,587.420080
21 Mar 2024 11:00:20.000,2117.481490,-2092.125752,6278.207527,64.769,-44.655,587.474032
21 Mar 2024 11:00:25.000,2123.612017,-2056.939789,6287.756235,64.953,-44.086,587.527031
21 Mar 2024 11:00:30.000,2129.705694,-2021.697572,6297.118417,65.134,-43.510,587.579072
21 Mar 2024 11:00:35.000,2135.762380,-1986.400115,6306.293794,65.313,-42.925,587.630149
21 Mar 2024 11:00:40.000,2141.781937,-1951.048433,6315.282093,65.489,-42.332,587.680255
21 Mar 2024 11:00:45.000,2147.764228,-1915.643543,6324.083049,65.663,-41.731,587.729385
21 Mar 2024 11:00:50.000,2153.709113,-1880.186463,6332.696400,65.835,-41.121,587.777533
21 Mar 2024 11:00:55.000,2159.616456,-1844.678212,6341.121890,66.003,-40.503,587.824694
21 Mar 2024 11:01:00.000,2165.486119,-1809.119811,6349.359271,66.169,-39.877,587.870861
21 Mar 2024 11:01:05.000,2171.317965,-1773.512284,6357.408296,66.333,-39.242,587.916030
21 Mar 2024 11:01:10.000,2177.111857,-1737.856652,6365.268729,66.493,-38.598,587.960195
21 Mar 2024 11:01:15.000,2182.867661,-1702.153942,6372.940334,66.651,-37.946,588.003350
21 Mar 2024 11:01:20.000,2188.585239,-1666.405179,6380.422886,66.806,-37.286,588.045492
21 Mar 2024 11:01:25.000,2194.264456,-1630.611392,6387.716161,66.957,-36.617,588.086614
21 Mar 2024 11:01:30.000,2199.905178,-1594.773609,6394.819944,67.106,-35.939,588.126712
21 Mar 2024 11:01:35.000,2205.507270,-1558.892859,6401.734023,67.252,-35.253,588.165782
21 Mar 2024 11:01:40.000,2211.070597,-1522.970175,6408.458195,67.394,-34.559,588.203819
21 Mar 2024 11:01:45.000,2216.595025,-1487.006588,6414.992258,67.533,-33.856,588.240817
21 Mar 2024 11:01:50.000,2222.080422,-1451.003132,6421.336020,67.669,-33.144,588.276774
21 Mar 2024 11:01:55.000,2227.526654,-1414.960842,6427.489292,67.802,-32.424,588.311685
21 Mar 2024 11:02:00.000,2232.933588,-1378.880752,6433.451891,67.931,-31.696,588.345545
21 Mar 2024 11:02:05.000,2238.301092,-1342.763899,6439.223641,68.057,-30.960,588.378350
21 Mar 2024 11:02:10.000,2243.629034,-1306.611321,6444.804371,68.179,-30.215,588.410098
21 Mar 2024 11:02:15.000,2248.917283,-1270.424057,6450.193915,68.298,-29.462,588.440784
21 Mar 2024 11:02:20.000,2254.165708,-1234.203146,6455.392113,68.413,-28.702,588.470404
21 Mar 2024 11:02:25.000,2259.374177,-1197.949627,6460.398810,68.524,-27.933,588.498955
21 Mar 2024 11:02:30.000,2264.542562,-1161.664543,6465.213859,68.632,-27.157,588.526434
21 Mar 2024 11:02:35.000,2269.670731,-1125.348936,6469.837117,68.736,-26.373,588.552837
21 Mar 2024 11:02:40.000,2274.758555,-1089.003847,6474.268446,68.836,-25.582,588.578162
21 Mar 2024 11:02:45.000,2279.805906,-1052.630322,6478.507714,68.932,-24.784,588.602405
21 Mar 2024 11:02:50.000,2284.812655,-1016.229403,6482.554797,69.024,-23.978,588.625563
21 Mar 2024 11:02:55.000,2289.778674,-979.802137,6486.409574,69.112,-23.166,588.647635
21 Mar 2024 11:03:00.000,2294.703835,-943.349569,6490.071931,69.196,-22.347,588.668616
21 Mar 2024 11:03:05.000,2299.588011,-906.872745,6493.541759,69.276,-21.522,588.688506
21 Mar 2024 11:03:10.000,2304.431075,-870.372713,6496.818955,69.352,-20.691,588.707300
21 Mar 2024 11:03:15.000,2309.232900,-833.850519,6499.903422,69.423,-19.854,588.724998
21 Mar 2024 11:03:20.000,2313.993362,-797.307213,6502.795068,69.491,-19.012,588.741597
21 Mar 2024 11:03:25.000,2318.712333,-760.743843,6505.493808,69.554,-18.164,588.757096
21 Mar 2024 11:03:30.000,2323.389691,-724.161457,6507.999562,69.612,-17.311,588.771491
21 Mar 2024 11:03:35.000,2328.025309,-687.561107,6510.312255,69.667,-16.454,588.784783
21 Mar 2024 11:03:40.000,2332.619063,-650.943842,6512.431819,69.716,-15.592,588.796968
21 Mar 2024 11:03:45.000,2337.170831,-614.310712,6514.358190,69.762,-14.727,588.808047
21 Mar 2024 11:03:50.000,2341.680489,-577.662768,6516.091312,69.803,-13.857,588.818016
21 Mar 2024 11:03:55.000,2346.147914,-541.001062,6517.631133,69.839,-12.985,588.826876
21 Mar 2024 11:04:00.000,2350.572984,-504.326646,6518.977608,69.871,-12.109,588.834625
21 Mar 2024 11:04:05.000,2354.955578,-467.640570,6520.130696,69.899,-11.232,588.841263
21 Mar 2024 11:04:10.000,2359.295573,-430.943888,6521.090364,69.921,-10.351,588.846788
21 Mar 2024 11:04:15.000,2363.592850,-394.237651,6521.856583,69.940,-9.470,588.851200
21 Mar 2024 11:04:20.000,2367.847288,-357.522912,6522.429330,69.953,-8.586,588.854498
21 Mar 2024 11:04:25.000,2372.058767,-320.800724,6522.808588,69.962,-7.702,588.856682
21 Mar 2024 11:04:30.000,2376.227169,-284.072139,6522.994346,69.967,-6.817,588.857752
21 Mar 2024 11:04:35.000,2380.352373,-247.338211,6522.986598,69.966,-5.932,588.857707
21 Mar 2024 11:04:40.000,2384.434263,-210.599993,6522.785345,69.962,-5.047,588.856548
21 Mar 2024 11:04:45.000,2388.472719,-173.858537,6522.390593,69.952,-4.163,588.854275
21 Mar 2024 11:04:50.000,2392.467626,-137.114896,6521.802353,69.938,-3.280,588.850887
21 Mar 2024 11:04:55.000,2396.418866,-100.370124,6521.020643,69.920,-2.398,588.846386
21 Mar 2024 11:05:00.000,2400.326322,-63.625274,6520.045486,69.896,-1.518,588.840772
21 Mar 2024 11:05:05.000,2404.189880,-26.881399,6518.876911,69.869,-0.641,588.834046
21 Mar 2024 11:05:10.000,2408.009424,9.860450,6517.514952,69.836,0.235,588.826208
21 Mar 2024 11:05:15.000,2411.784839,46.599218,6515.959651,69.800,1.107,588.817259
21 Mar 2024 11:05:20.000,2415.516012,83.333854,6514.211053,69.758,1.976,588.807200
21 Mar 2024 11:05:25.000,2419.202828,120.063306,6512.269209,69.713,2.841,588.796033
21 Mar 2024 11:05:30.000,2422.845174,156.786521,6510.134178,69.662,3.703,588.783759
21 Mar 2024 11:05:35.000,2426.442939,193.502447,6507.806023,69.608,4.560,588.770379
21 Mar 2024 11:05:40.000,2429.996009,230.210034,6505.284814,69.549,5.412,588.755895
21 Mar 2024 11:05:45.000,2433.504274,266.908230,6502.570624,69.485,6.259,588.740309
21 Mar 2024 11:05:50.000,2436.967623,303.595984,6499.663534,69.418,7.101,588.723622
21 Mar 2024 11:05:55.000,2440.385946,340.272246,6496.563631,69.346,7.938,588.705836
21 Mar 2024 11:06:00.000,2443.759131,376.935966,6493.271006,69.270,8.768,588.686953
21 Mar 2024 11:06:05.000,2447.087072,413.586094,6489.785757,69.190,9.593,588.666976
21 Mar 2024 11:06:10.000,2450.369658,450.221581,6486.107989,69.105,10.411,588.645907
21 Mar 2024 11:06:15.000,2453.606781,486.841380,6482.237808,69.017,11.223,588.623749
21 Mar 2024 11:06:20.000,2456.798335,523.444442,6478.175332,68.924,12.028,588.600503
21 Mar 2024 11:06:25.000,2459.944213,560.029719,6473.920679,68.828,12.825,588.576174
21 Mar 2024 11:06:30.000,2463.044307,596.596164,6469.473976,68.728,13.616,588.550763
21 Mar 2024 11:06:35.000,2466.098512,633.142733,6464.835356,68.624,14.399,588.524273
21 Mar 2024 11:06:40.000,2469.106723,669.668378,6460.004955,68.516,15.175,588.496708
21 Mar 2024 11:06:45.000,2472.068836,706.172056,6454.982918,68.404,15.943,588.468071
21 Mar 2024 11:06:50.000,2474.984746,742.652722,6449.769392,68.289,16.703,588.438366
21 Mar 2024 11:06:55.000,2477.854350,779.109333,6444.364533,68.170,17.455,588.407595
21 Mar 2024 11:07:00.000,2480.677545,815.540846,6438.768501,68.047,18.199,588.375762
21 Mar 2024 11:07:05.000,2483.454230,851.946220,6432.981463,67.921,18.934,588.342872
21 Mar 2024 11:07:10.000,2486.184302,888.324414,6427.003588,67.791,19.662,588.308928
21 Mar 2024 11:07:15.000,2488.867660,924.674387,6420.835056,67.659,20.381,588.273933
21 Mar 2024 11:07:20.000,2491.504205,960.995101,6414.476049,67.522,21.092,588.237893
21 Mar 2024 11:07:25.000,2494.093836,997.285518,6407.926756,67.383,21.794,588.200811
21 Mar 2024 11:07:30.000,2496.636454,1033.544600,6401.187370,67.240,22.488,588.162692
21 Mar 2024 11:07:35.000,2499.131962,1069.771312,6394.258092,67.094,23.174,588.123539
21 Mar 2024 11:07:40.000,2501.580260,1105.964617,6387.139128,66.945,23.851,588.083359
21 Mar 2024 11:07:45.000,2503.981252,1142.123482,6379.830688,66.793,24.519,588.042155
21 Mar 2024 11:07:50.000,2506.334841,1178.246874,6372.332990,66.638,25.179,587.999932
21 Mar 2024 11:07:55.000,2508.640932,1214.333762,6364.646256,66.480,25.830,587.956695
21 Mar 2024 11:08:00.000,2510.899429,1250.383113,6356.770713,66.320,26.472,587.912450
21 Mar 2024 11:08:05.000,2513.110237,1286.393900,6348.706596,66.156,27.107,587.867201
21 Mar 2024 11:08:10.000,2515.273263,1322.365092,6340.454144,65.990,27.732,587.820954
21 Mar 2024 11:08:15.000,2517.388412,1358.295664,6332.013601,65.821,28.350,587.773714
21 Mar 2024 11:08:20.000,2519.455593,1394.184590,6323.385218,65.650,28.959,587.725487
21 Mar 2024 11:08:25.000,2521.474714,1430.030844,6314.569251,65.475,29.559,587.676279
21 Mar 2024 11:08:30.000,2523.445682,1465.833404,6305.565961,65.299,30.152,587.626094
21 Mar 2024 11:08:35.000,2525.368408,1501.591247,6296.375616,65.120,30.736,587.574940
21 Mar 2024 11:08:40.000,2527.242801,1537.303354,6286.998488,64.938,31.312,587.522822
21 Mar 2024 11:08:45.000,2529.068773,1572.968706,6277.434855,64.754,31.880,587.469746
21 Mar 2024 11:08:50.000,2530.846234,1608.586283,6267.685002,64.568,32.440,587.415719
21 Mar 2024 11:08:55.000,2532.575096,1644.155072,6257.749216,64.380,32.992,587.360747
21 Mar 2024 11:09:00.000,2534.255273,1679.674056,6247.627794,64.189,33.536,587.304835
21 Mar 2024 11:09:05.000,2535.886677,1715.142223,6237.321034,63.996,34.072,587.247992
21 Mar 2024 11:09:10.000,2537.469223,1750.558561,6226.829244,63.801,34.601,587.190223
21 Mar 2024 11:09:15.000,2539.002826,1785.922060,6216.152734,63.604,35.122,587.131536
21 Mar 2024 11:09:20.000,2540.487401,1821.231712,6205.291821,63.405,35.636,587.071936
21 Mar 2024 11:09:25.000,2541.922865,1856.486511,6194.246827,63.204,36.142,587.011432
21 Mar 2024 11:09:30.000,2543.309134,1891.685451,6183.018080,63.001,36.641,586.950031
21 Mar 2024 11:09:35.000,2544.646126,1926.827528,6171.605912,62.796,37.133,586.887739
21 Mar 2024 11:09:40.000,2545.933760,1961.911743,6160.010664,62.590,37.618,586.824563
21 Mar 2024 11:09:45.000,2547.171954,1996.937094,6148.232677,62.381,38.096,586.760512
21 Mar 2024 11:09:50.000,2548.360629,2031.902583,6136.272302,62.171,38.567,586.695593
21 Mar 2024 11:09:55.000,2549.499704,2066.807215,6124.129894,61.959,39.031,586.629814
21 Mar 2024 11:10:00.000,2550.589102,2101.649996,6111.805813,61.745,39.488,586.563181