"Time (UTCG)","Satellite12519 - x (km)","Satellite12519 - y (km)","Satellite12519 - z (km)","Lat (deg)","Lon (deg)","Alt (km)"
21 Mar 2024 10:50:00.000,2162.509988,-2304.127334,6187.984773,63.091,-46.816,586.977176
21 Mar 2024 10:50:05.000,2167.479679,-2269.227612,6199.132654,63.293,-46.314,587.038184
21 Mar 2024 10:50:10.000,2172.411016,-2234.264515,6210.096636,63.493,-45.804,587.098290
21 Mar 2024 10:50:15.000,2177.303899,-2199.239046,6220.876395,63.691,-45.287,587.157489
21 Mar 2024 10:50:20.000,2182.158230,-2164.152213,6231.471610,63.887,-44.763,587.215773
21 Mar 2024 10:50:25.000,2186.973909,-2129.005021,6241.881969,64.081,-44.230,587.273135
21 Mar 2024 10:50:30.000,2191.750839,-2093.798482,6252.107161,64.273,-43.691,587.329569
21 Mar 2024 10:50:35.000,2196.488921,-2058.533606,6262.146883,64.463,-43.143,587.385067
21 Mar 2024 10:50:40.000,2201.188059,-2023.211406,6272.000838,64.650,-42.588,587.439624
21 Mar 2024 10:50:45.000,2205.848155,-1987.832896,6281.668733,64.835,-42.024,587.493234
21 Mar 2024 10:50:50.000,2210.469112,-1952.399093,6291.150281,65.018,-41.453,587.545888
21 Mar 2024 10:50:55.000,2215.050834,-1916.911014,6300.445202,65.199,-40.873,587.597583
21 Mar 2024 10:51:00.000,2219.593226,-1881.369678,6309.553219,65.377,-40.285,587.648311
21 Mar 2024 10:51:05.000,2224.096192,-1845.776106,6318.474062,65.552,-39.689,587.698066
21 Mar 2024 10:51:10.000,2228.559637,-1810.131319,6327.207466,65.725,-39.085,587.746843
21 Mar 2024 10:51:15.000,2232.983466,-1774.436343,6335.753174,65.896,-38.472,587.794636
21 Mar 2024 10:51:20.000,2237.367586,-1738.692200,6344.110930,66.064,-37.851,587.841439
21 Mar 2024 10:51:25.000,2241.711902,-1702.899919,6352.280487,66.229,-37.222,587.887248
21 Mar 2024 10:51:30.000,2246.016322,-1667.060526,6360.261603,66.391,-36.584,587.932055
21 Mar 2024 10:51:35.000,2250.280752,-1631.175050,6368.054041,66.550,-35.937,587.975857
21 Mar 2024 10:51:40.000,2254.505100,-1595.244522,6375.657569,66.707,-35.282,588.018648
21 Mar 2024 10:51:45.000,2258.689273,-1559.269974,6383.071963,66.861,-34.619,588.060423
21 Mar 2024 10:51:50.000,2262.833181,-1523.252438,6390.297002,67.011,-33.947,588.101177
21 Mar 2024 10:51:55.000,2266.936732,-1487.192948,6397.332472,67.159,-33.266,588.140905
21 Mar 2024 10:52:00.000,2270.999836,-1451.092539,6404.178164,67.303,-32.577,588.179603
21 Mar 2024 10:52:05.000,2275.022401,-1414.952248,6410.833876,67.445,-31.880,588.217266
21 Mar 2024 10:52:10.000,2279.004338,-1378.773112,6417.299409,67.583,-31.173,588.253890
21 Mar 2024 10:52:15.000,2282.945559,-1342.556169,6423.574572,67.717,-30.459,588.289471
21 Mar 2024 10:52:20.000,2286.845972,-1306.302460,6429.659179,67.849,-29.736,588.324003
21 Mar 2024 10:52:25.000,2290.705491,-1270.013025,6435.553049,67.977,-29.005,588.357484
21 Mar 2024 10:52:30.000,2294.524027,-1233.688905,6441.256007,68.101,-28.265,588.389909
21 Mar 2024 10:52:35.000,2298.301492,-1197.331142,6446.767884,68.222,-27.518,588.421275
21 Mar 2024 10:52:40.000,2302.037800,-1160.940781,6452.088518,68.340,-26.762,588.451577
21 Mar 2024 10:52:45.000,2305.732862,-1124.518866,6457.217749,68.454,-25.999,588.480812
21 Mar 2024 10:52:50.000,2309.386594,-1088.066442,6462.155426,68.564,-25.227,588.508978
21 Mar 2024 10:52:55.000,2312.998909,-1051.584555,6466.901402,68.670,-24.449,588.536069
21 Mar 2024 10:53:00.000,2316.569721,-1015.074251,6471.455537,68.772,-23.662,588.562084
21 Mar 2024 10:53:05.000,2320.098946,-978.536579,6475.817695,68.871,-22.868,588.587020
21 Mar 2024 10:53:10.000,2323.586500,-941.972587,6479.987746,68.966,-22.067,588.610872
21 Mar 2024 10:53:15.000,2327.032297,-905.383324,6483.965569,69.056,-21.260,588.633640
21 Mar 2024 10:53:20.000,2330.436256,-868.769840,6487.751043,69.143,-20.445,588.655319
21 Mar 2024 10:53:25.000,2333.798291,-832.133185,6491.344057,69.226,-19.624,588.675907
21 Mar 2024 10:53:30.000,2337.118322,-795.474411,6494.744505,69.304,-18.797,588.695402
21 Mar 2024 10:53:35.000,2340.396265,-758.794568,6497.952285,69.378,-17.964,588.713802
21 Mar 2024 10:53:40.000,2343.632039,-722.094710,6500.967302,69.448,-17.125,588.731105
21 Mar 2024 10:53:45.000,2346.825562,-685.375889,6503.789468,69.514,-16.280,588.747307
21 Mar 2024 10:53:50.000,2349.976755,-648.639158,6506.418697,69.575,-15.431,588.762409
21 Mar 2024 10:53:55.000,2353.085536,-611.885571,6508.854913,69.632,-14.576,588.776407
21 Mar 2024 10:54:00.000,2356.151826,-575.116183,6511.098042,69.685,-13.717,588.789300
21 Mar 2024 10:54:05.000,2359.175546,-538.332047,6513.148019,69.733,-12.854,588.801087
21 Mar 2024 10:54:10.000,2362.156616,-501.534219,6515.004783,69.777,-11.987,588.811766
21 Mar 2024 10:54:15.000,2365.094958,-464.723753,6516.668278,69.816,-11.117,588.821336
21 Mar 2024 10:54:20.000,2367.990495,-427.901707,6518.138455,69.851,-10.243,588.829796
21 Mar 2024 10:54:25.000,2370.843149,-391.069135,6519.415270,69.882,-9.367,588.837145
21 Mar 2024 10:54:30.000,2373.652843,-354.227094,6520.498686,69.907,-8.488,588.843381
21 Mar 2024 10:54:35.000,2376.419501,-317.376640,6521.388671,69.928,-7.607,588.848505
21 Mar 2024 10:54:40.000,2379.143046,-280.518829,6522.085198,69.945,-6.725,588.852516
21 Mar 2024 10:54:45.000,2381.823404,-243.654719,6522.588246,69.957,-5.841,588.855413
21 Mar 2024 10:54:50.000,2384.460499,-206.785366,6522.897800,69.964,-4.956,588.857196
21 Mar 2024 10:54:55.000,2387.054257,-169.911827,6523.013852,69.967,-4.071,588.857864
21 Mar 2024 10:55:00.000,2389.604605,-133.035160,6522.936398,69.965,-3.187,588.857418
21 Mar 2024 10:55:05.000,2392.111468,-96.156421,6522.665440,69.959,-2.302,588.855857
21 Mar 2024 10:55:10.000,2394.574774,-59.276667,6522.200986,69.948,-1.418,588.853183
21 Mar 2024 10:55:15.000,2396.994450,-22.396956,6521.543050,69.932,-0.535,588.849394
21 Mar 2024 10:55:20.000,2399.370425,14.481655,6520.691651,69.912,0.346,588.844492
21 Mar 2024 10:55:25.000,2401.702628,51.358111,6519.646816,69.887,1.225,588.838477
21 Mar 2024 10:55:30.000,2403.990986,88.231353,6518.408574,69.858,2.102,588.831350
21 Mar 2024 10:55:35.000,2406.235431,125.100325,6516.976962,69.824,2.976,588.823112
21 Mar 2024 10:55:40.000,2408.435892,161.963971,6515.352024,69.785,3.847,588.813763
21 Mar 2024 10:55:45.000,2410.592300,198.821234,6513.533807,69.742,4.715,588.803305
21 Mar 2024 10:55:50.000,2412.704586,235.671059,6511.522364,69.695,5.579,588.791739
21 Mar 2024 10:55:55.000,2414.772682,272.512389,6509.317757,69.643,6.439,588.779067
21 Mar 2024 10:56:00.000,2416.796521,309.344169,6506.920050,69.587,7.294,588.765289
21 Mar 2024 10:56:05.000,2418.776034,346.165345,6504.329314,69.526,8.145,588.750408
21 Mar 2024 10:56:10.000,2420.711157,382.974860,6501.545626,69.462,8.990,588.734424
21 Mar 2024 10:56:15.000,2422.601821,419.771662,6498.569069,69.392,9.830,588.717341
21 Mar 2024 10:56:20.000,2424.447962,456.554695,6495.399730,69.319,10.665,588.699160
21 Mar 2024 10:56:25.000,2426.249516,493.322907,6492.037705,69.241,11.493,588.679883
21 Mar 2024 10:56:30.000,2428.006416,530.075245,6488.483093,69.160,12.315,588.659512
21 Mar 2024 10:56:35.000,2429.718600,566.810655,6484.735999,69.074,13.131,588.638051
21 Mar 2024 10:56:40.000,2431.386004,603.528086,6480.796534,68.984,13.940,588.615500
21 Mar 2024 10:56:45.000,2433.008565,640.226487,6476.664816,68.890,14.743,588.591864
21 Mar 2024 10:56:50.000,2434.586222,676.904806,6472.340966,68.792,15.538,588.567144
21 Mar 2024 10:56:55.000,2436.118911,713.561995,6467.825114,68.691,16.326,588.541344
21 Mar 2024 10:57:00.000,2437.606573,750.197003,6463.117392,68.585,17.106,588.514467
21 Mar 2024 10:57:05.000,2439.049146,786.808781,6458.217941,68.476,17.879,588.486516
21 Mar 2024 10:57:10.000,2440.446570,823.396281,6453.126907,68.363,18.644,588.457494
21 Mar 2024 10:57:15.000,2441.798787,859.958457,6447.844439,68.246,19.401,588.427404
21 Mar 2024 10:57:20.000,2443.105736,896.494262,6442.370695,68.126,20.151,588.396250
21 Mar 2024 10:57:25.000,2444.367360,933.002650,6436.705837,68.002,20.892,588.364036
21 Mar 2024 10:57:30.000,2445.583601,969.482576,6430.850034,67.875,21.624,588.330766
21 Mar 2024 10:57:35.000,2446.754402,1005.932996,6424.803458,67.744,22.349,588.296443
21 Mar 2024 10:57:40.000,2447.879706,1042.352868,6418.566290,67.610,23.065,588.261071
21 Mar 2024 10:57:45.000,2448.959457,1078.741149,6412.138714,67.472,23.773,588.224655
21 Mar 2024 10:57:50.000,2449.993599,1115.096799,6405.520921,67.332,24.472,588.187199
21 Mar 2024 10:57:55.000,2450.982078,1151.418776,6398.713107,67.188,25.163,588.148707
21 Mar 2024 10:58:00.000,2451.924840,1187.706043,6391.715474,67.041,25.845,588.109183
21 Mar 2024 10:58:05.000,2452.821830,1223.957561,6384.528231,66.891,26.519,588.068634
21 Mar 2024 10:58:10.000,2453.672996,1260.172293,6377.151589,66.738,27.184,588.027062
21 Mar 2024 10:58:15.000,2454.478285,1296.349203,6369.585769,66.582,27.841,587.984473
21 Mar 2024 10:58:20.000,2455.237644,1332.487258,6361.830993,66.423,28.489,587.940873
21 Mar 2024 10:58:25.000,2455.951024,1368.585423,6353.887493,66.261,29.129,587.896265
21 Mar 2024 10:58:30.000,2456.618373,1404.642666,6345.755504,66.097,29.760,587.850656
21 Mar 2024 10:58:35.000,2457.239640,1440.657956,6337.435268,65.929,30.383,587.804051
21 Mar 2024 10:58:40.000,2457.814777,1476.630264,6328.927030,65.760,30.997,587.756455
21 Mar 2024 10:58:45.000,2458.343735,1512.558562,6320.231044,65.587,31.603,587.707874
21 Mar 2024 10:58:50.000,2458.826464,1548.441821,6311.347567,65.412,32.201,587.658313
21 Mar 2024 10:58:55.000,2459.262918,1584.279017,6302.276864,65.235,32.790,587.607779
21 Mar 2024 10:59:00.000,2459.653049,1620.069125,6293.019202,65.055,33.371,587.556276
21 Mar 2024 10:59:05.000,2459.996811,1655.811123,6283.574857,64.872,33.944,587.503813
21 Mar 2024 10:59:10.000,2460.294158,1691.503989,6273.944109,64.687,34.509,587.450393
21 Mar 2024 10:59:15.000,2460.545045,1727.146702,6264.127244,64.500,35.066,587.396025
21 Mar 2024 10:59:20.000,2460.749426,1762.738245,6254.124552,64.311,35.616,587.340713
21 Mar 2024 10:59:25.000,2460.907259,1798.277601,6243.936331,64.120,36.157,587.284466
21 Mar 2024 10:59:30.000,2461.018500,1833.763755,6233.562882,63.926,36.691,587.227288
21 Mar 2024 10:59:35.000,2461.083106,1869.195692,6223.004514,63.730,37.217,587.169188
21 Mar 2024 10:59:40.000,2461.101034,1904.572401,6212.261540,63.533,37.735,587.110171
21 Mar 2024 10:59:45.000,2461.072245,1939.892871,6201.334278,63.333,38.246,587.050245
21 Mar 2024 10:59:50.000,2460.996696,1975.156094,6190.223052,63.131,38.750,586.989417
21 Mar 2024 10:59:55.000,2460.874347,2010.361063,6178.928193,62.928,39.246,586.927693
21 Mar 2024 11:00:00.000,2460.705159,2045.506772,6167.450035,62.722,39.736,586.865082
21 Mar 2024 11:00:05.000,2460.489094,2080.592218,6155.788919,62.515,40.218,586.801591
21 Mar 2024 11:00:10.000,2460.226112,2115.616400,6143.945190,62.306,40.693,586.737226
21 Mar 2024 11:00:15.000,2459.916177,2150.578317,6131.919200,62.095,41.162,586.671996
21 Mar 2024 11:00:20.000,2459.559251,2185.476971,6119.711306,61.882,41.623,586.605909
21 Mar 2024 11:00:25.000,2459.155298,2220.311367,6107.321870,61.668,42.078,586.538971
21 Mar 2024 11:00:30.000,2458.704282,2255.080511,6094.751259,61.452,42.527,586.471191
21 Mar 2024 11:00:35.000,2458.206169,2289.783410,6081.999847,61.234,42.968,586.402577
21 Mar 2024 11:00:40.000,2457.660923,2324.419073,6069.068011,61.015,43.404,586.333137
21 Mar 2024 11:00:45.000,2457.068513,2358.986514,6055.956136,60.795,43.833,586.262879
21 Mar 2024 11:00:50.000,2456.428904,2393.484745,6042.664610,60.573,44.256,586.191811
21 Mar 2024 11:00:55.000,2455.742064,2427.912783,6029.193827,60.349,44.674,586.119942
21 Mar 2024 11:01:00.000,2455.007962,2462.269646,6015.544187,60.124,45.085,586.047281
21 Mar 2024 11:01:05.000,2454.226566,2496.554354,6001.716096,59.898,45.490,585.973835
21 Mar 2024 11:01:10.000,2453.397847,2530.765929,5987.709962,59.670,45.889,585.899613
21 Mar 2024 11:01:15.000,2452.521774,2564.903395,5973.526202,59.441,46.283,585.824625
21 Mar 2024 11:01:20.000,2451.598320,2598.965780,5959.165237,59.210,46.671,585.748878
21 Mar 2024 11:01:25.000,2450.627455,2632.952112,5944.627493,58.979,47.054,585.672382
21 Mar 2024 11:01:30.000,2449.609152,2666.861422,5929.913400,58.746,47.431,585.595147
21 Mar 2024 11:01:35.000,2448.543384,2700.692745,5915.023395,58.512,47.803,585.517180
21 Mar 2024 11:01:40.000,2447.430126,2734.445115,5899.957920,58.276,48.170,585.438491
21 Mar 2024 11:01:45.000,2446.269351,2768.117571,5884.717423,58.040,48.532,585.359090
21 Mar 2024 11:01:50.000,2445.061035,2801.709153,5869.302354,57.802,48.889,585.278985
21 Mar 2024 11:01:55.000,2443.805155,2835.218905,5853.713172,57.563,49.240,585.198186
21 Mar 2024 11:02:00.000,2442.501685,2868.645872,5837.950338,57.324,49.587,585.116704
21 Mar 2024 11:02:05.000,2441.150604,2901.989102,5822.014321,57.083,49.929,585.034546
21 Mar 2024 11:02:10.000,2439.751891,2935.247644,5805.905593,56.841,50.267,584.951724
21 Mar 2024 11:02:15.000,2438.305523,2968.420552,5789.624631,56.598,50.600,584.868246
21 Mar 2024 11:02:20.000,2436.811480,3001.506882,5773.171920,56.354,50.928,584.784123
21 Mar 2024 11:02:25.000,2435.269742,3034.505691,5756.547947,56.109,51.252,584.699364
21 Mar 2024 11:02:30.000,2433.680291,3067.416039,5739.753205,55.863,51.572,584.613980
21 Mar 2024 11:02:35.000,2432.043107,3100.236991,5722.788193,55.616,51.887,584.527980
21 Mar 2024 11:02:40.000,2430.358174,3132.967611,5705.653413,55.368,52.198,584.441375
21 Mar 2024 11:02:45.000,2428.625474,3165.606969,5688.349374,55.119,52.505,584.354175
21 Mar 2024 11:02:50.000,2426.844991,3198.154135,5670.876589,54.870,52.808,584.266391
21 Mar 2024 11:02:55.000,2425.016710,3230.608184,5653.235577,54.619,53.107,584.178031
21 Mar 2024 11:03:00.000,2423.140615,3262.968192,5635.426861,54.368,53.402,584.089108
21 Mar 2024 11:03:05.000,2421.216694,3295.233239,5617.450969,54.116,53.693,583.999631
21 Mar 2024 11:03:10.000,2419.244932,3327.402407,5599.308435,53.863,53.980,583.909611
21 Mar 2024 11:03:15.000,2417.225318,3359.474781,5580.999797,53.609,54.264,583.819059
21 Mar 2024 11:03:20.000,2415.157839,3391.449449,5562.525597,53.354,54.544,583.727985
21 Mar 2024 11:03:25.000,2413.042484,3423.325503,5543.886384,53.099,54.821,583.636400
21 Mar 2024 11:03:30.000,2410.879243,3455.102036,5525.082711,52.843,55.094,583.544314
21 Mar 2024 11:03:35.000,2408.668107,3486.778145,5506.115136,52.586,55.363,583.451740
21 Mar 2024 11:03:40.000,2406.409066,3518.352930,5486.984221,52.329,55.629,583.358687
21 Mar 2024 11:03:45.000,2404.102113,3549.825493,5467.690534,52.071,55.892,583.265167
21 Mar 2024 11:03:50.000,2401.747241,3581.194940,5448.234647,51.812,56.152,583.171191
21 Mar 2024 11:03:55.000,2399.344442,3612.460380,5428.617137,51.552,56.408,583.076769
21 Mar 2024 11:04:00.000,2396.893712,3643.620925,5408.838587,51.292,56.662,582.981914
21 Mar 2024 11:04:05.000,2394.395045,3674.675691,5388.899582,51.031,56.912,582.886635
21 Mar 2024 11:04:10.000,2391.848437,3705.623794,5368.800716,50.769,57.159,582.790945
21 Mar 2024 11:04:15.000,2389.253884,3736.464357,5348.542582,50.507,57.403,582.694855
21 Mar 2024 11:04:20.000,2386.611384,3767.196504,5328.125784,50.245,57.645,582.598375
21 Mar 2024 11:04:25.000,2383.920936,3797.819362,5307.550926,49.981,57.883,582.501518
21 Mar 2024 11:04:30.000,2381.182537,3828.332063,5286.818619,49.717,58.119,582.404295
21 Mar 2024 11:04:35.000,2378.396187,3858.733741,5265.929478,49.453,58.352,582.306718
21 Mar 2024 11:04:40.000,2375.561887,3889.023533,5244.884122,49.188,58.582,582.208797
21 Mar 2024 11:04:45.000,2372.679639,3919.200580,5223.683175,48.922,58.809,582.110545
21 Mar 2024 11:04:50.000,2369.749444,3949.264025,5202.327268,48.656,59.034,582.011973
21 Mar 2024 11:04:55.000,2366.771304,3979.213017,5180.817033,48.389,59.257,581.913093
21 Mar 2024 11:05:00.000,2363.745224,4009.046707,5159.153108,48.122,59.476,581.813916
21 Mar 2024 11:05:05.000,2360.671208,4038.764247,5137.336136,47.854,59.694,581.714455
21 Mar 2024 11:05:10.000,2357.549261,4068.364797,5115.366764,47.586,59.908,581.614720
21 Mar 2024 11:05:15.000,2354.379389,4097.847517,5093.245644,47.317,60.121,581.514725
21 Mar 2024 11:05:20.000,2351.161599,4127.211571,5070.973432,47.048,60.331,581.414479
21 Mar 2024 11:05:25.000,2347.895898,4156.456128,5048.550790,46.779,60.539,581.313997
21 Mar 2024 11:05:30.000,2344.582295,4185.580360,5025.978381,46.508,60.744,581.213289
21 Mar 2024 11:05:35.000,2341.220799,4214.583441,5003.256876,46.238,60.948,581.112367
21 Mar 2024 11:05:40.000,2337.811419,4243.464550,4980.386948,45.967,61.149,581.011243
21 Mar 2024 11:05:45.000,2334.354168,4272.222869,4957.369277,45.695,61.348,580.909930
21 Mar 2024 11:05:50.000,2330.849056,4300.857585,4934.204544,45.423,61.545,580.808438
21 Mar 2024 11:05:55.000,2327.296095,4329.367887,4910.893438,45.151,61.739,580.706781
21 Mar 2024 11:06:00.000,2323.695300,4357.752967,4887.436649,44.878,61.932,580.604971
21 Mar 2024 11:06:05.000,2320.046684,4386.012024,4863.834874,44.605,62.123,580.503018
21 Mar 2024 11:06:10.000,2316.350262,4414.144257,4840.088812,44.331,62.311,580.400936
21 Mar 2024 11:06:15.000,2312.606050,4442.148872,4816.199169,44.057,62.498,580.298737
21 Mar 2024 11:06:20.000,2308.814064,4470.025075,4792.166652,43.783,62.683,580.196432
21 Mar 2024 11:06:25.000,2304.974321,4497.772079,4767.991975,43.508,62.866,580.094034
21 Mar 2024 11:06:30.000,2301.086841,4525.389100,4743.675855,43.233,63.047,579.991555
21 Mar 2024 11:06:35.000,2297.151642,4552.875357,4719.219013,42.958,63.227,579.889007
21 Mar 2024 11:06:40.000,2293.168743,4580.230073,4694.622174,42.682,63.404,579.786402
21 Mar 2024 11:06:45.000,2289.138166,4607.452477,4669.886069,42.405,63.580,579.683753
21 Mar 2024 11:06:50.000,2285.059933,4634.541798,4645.011432,42.129,63.754,579.581071
21 Mar 2024 11:06:55.000,2280.934065,4661.497272,4619.998999,41.852,63.927,579.478369
21 Mar 2024 11:07:00.000,2276.760586,4688.318137,4594.849513,41.575,64.098,579.375659
21 Mar 2024 11:07:05.000,2272.539520,4715.003638,4569.563721,41.297,64.267,579.272953
21 Mar 2024 11:07:10.000,2268.270892,4741.553020,4544.142372,41.019,64.434,579.170263
21 Mar 2024 11:07:15.000,2263.954727,4767.965535,4518.586220,40.741,64.600,579.067602
21 Mar 2024 11:07:20.000,2259.591053,4794.240437,4492.896023,40.462,64.765,578.964981
21 Mar 2024 11:07:25.000,2255.179898,4820.376986,4467.072544,40.183,64.928,578.862413
21 Mar 2024 11:07:30.000,2250.721288,4846.374444,4441.116549,39.904,65.089,578.759911
21 Mar 2024 11:07:35.000,2246.215254,4872.232079,4415.028808,39.625,65.249,578.657485
21 Mar 2024 11:07:40.000,2241.661826,4897.949161,4388.810094,39.345,65.408,578.555149
21 Mar 2024 11:07:45.000,2237.061035,4923.524967,4362.461185,39.065,65.565,578.452914
21 Mar 2024 11:07:50.000,2232.412912,4948.958776,4335.982863,38.785,65.720,578.350793
21 Mar 2024 11:07:55.000,2227.717491,4974.249871,4309.375914,38.504,65.875,578.248798
21 Mar 2024 11:08:00.000,2222.974804,4999.397541,4282.641127,38.223,66.028,578.146941
21 Mar 2024 11:08:05.000,2218.184887,5024.401076,4255.779294,37.942,66.179,578.045234
21 Mar 2024 11:08:10.000,2213.347775,5049.259775,4228.791213,37.660,66.330,577.943689
21 Mar 2024 11:08:15.000,2208.463503,5073.972936,4201.677685,37.379,66.479,577.842318
21 Mar 2024 11:08:20.000,2203.532110,5098.539866,4174.439513,37.097,66.627,577.741133
21 Mar 2024 11:08:25.000,2198.553632,5122.959873,4147.077505,36.815,66.773,577.640147
21 Mar 2024 11:08:30.000,2193.528110,5147.232271,4119.592474,36.532,66.918,577.539371
21 Mar 2024 11:08:35.000,2188.455582,5171.356376,4091.985235,36.249,67.063,577.438817
21 Mar 2024 11:08:40.000,2183.336090,5195.331513,4064.256606,35.966,67.205,577.338498
21 Mar 2024 11:08:45.000,2178.169674,5219.157006,4036.407411,35.683,67.347,577.238424
21 Mar 2024 11:08:50.000,2172.956377,5242.832187,4008.438475,35.400,67.488,577.138609
21 Mar 2024 11:08:55.000,2167.696243,5266.356392,3980.350628,35.116,67.627,577.039063
21 Mar 2024 11:09:00.000,2162.389316,5289.728959,3952.144704,34.832,67.766,576.939800
21 Mar 2024 11:09:05.000,2157.035641,5312.949233,3923.821538,34.548,67.903,576.840830
21 Mar 2024 11:09:10.000,2151.635264,5336.016562,3895.381972,34.264,68.039,576.742165
21 Mar 2024 11:09:15.000,2146.188231,5358.930301,3866.826849,33.979,68.174,576.643818
21 Mar 2024 11:09:20.000,2140.694592,5381.689805,3838.157016,33.695,68.309,576.545799
21 Mar 2024 11:09:25.000,2135.154393,5404.294438,3809.373323,33.410,68.442,576.448121
21 Mar 2024 11:09:30.000,2129.567686,5426.743566,3780.476625,33.124,68.574,576.350795
21 Mar 2024 11:09:35.000,2123.934521,5449.036560,3751.467778,32.839,68.705,576.253833
21 Mar 2024 11:09:40.000,2118.254948,5471.172796,3722.347644,32.553,68.835,576.157246
21 Mar 2024 11:09:45.000,2112.529021,5493.151655,3693.117085,32.268,68.965,576.061046
21 Mar 2024 11:09:50.000,2106.756792,5514.972521,3663.776970,31.982,69.093,575.965244
21 Mar 2024 11:09:55.000,2100.938317,5536.634783,3634.328168,31.696,69.220,575.869852
21 Mar 2024 11:10:00.000,2095.073650,5558.137838,3604.771553,31.409,69.347,575.774880