"Time (UTCG)","Satellite12001 - x (km)","Satellite12001 - y (km)","Satellite12001 - z (km)","Lat (deg)","Lon (deg)","Alt (km)"
21 Mar 2024 10:50:00.000,2836.526930,-734.527699,6300.094587,65.192,-14.518,587.595631
21 Mar 2024 10:50:05.000,2863.257911,-710.765672,6290.721267,65.010,-13.941,587.543504
21 Mar 2024 10:50:10.000,2889.921791,-687.002261,6281.161334,64.826,-13.372,587.490418
21 Mar 2024 10:50:15.000,2916.517782,-663.238118,6271.415071,64.639,-12.812,587.436379
21 Mar 2024 10:50:20.000,2943.045099,-639.473895,6261.482768,64.450,-12.259,587.381393
21 Mar 2024 10:50:25.000,2969.502958,-615.710242,6251.364719,64.259,-11.714,587.325468
21 Mar 2024 10:50:30.000,2995.890579,-591.947812,6241.061224,64.066,-11.177,587.268609
21 Mar 2024 10:50:35.000,3022.207179,-568.187252,6230.572589,63.871,-10.648,587.210823
21 Mar 2024 10:50:40.000,3048.451981,-544.429213,6219.899125,63.673,-10.126,587.152118
21 Mar 2024 10:50:45.000,3074.624208,-520.674342,6209.041148,63.474,-9.612,587.092499
21 Mar 2024 10:50:50.000,3100.723083,-496.923289,6197.998982,63.272,-9.105,587.031975
21 Mar 2024 10:50:55.000,3126.747834,-473.176699,6186.772952,63.069,-8.605,586.970551
21 Mar 2024 10:51:00.000,3152.697688,-449.435221,6175.363393,62.864,-8.113,586.908236
21 Mar 2024 10:51:05.000,3178.571875,-425.699498,6163.770643,62.657,-7.628,586.845036
21 Mar 2024 10:51:10.000,3204.369627,-401.970177,6151.995046,62.448,-7.150,586.780960
21 Mar 2024 10:51:15.000,3230.090176,-378.247902,6140.036950,62.237,-6.679,586.716014
21 Mar 2024 10:51:20.000,3255.732758,-354.533317,6127.896712,62.025,-6.215,586.650206
21 Mar 2024 10:51:25.000,3281.296609,-330.827063,6115.574690,61.810,-5.757,586.583544
21 Mar 2024 10:51:30.000,3306.780969,-307.129783,6103.071251,61.595,-5.306,586.516036
21 Mar 2024 10:51:35.000,3332.185078,-283.442119,6090.386765,61.377,-4.862,586.447690
21 Mar 2024 10:51:40.000,3357.508178,-259.764710,6077.521608,61.158,-4.424,586.378514
21 Mar 2024 10:51:45.000,3382.749515,-236.098196,6064.476163,60.938,-3.992,586.308515
21 Mar 2024 10:51:50.000,3407.908333,-212.443215,6051.250816,60.716,-3.567,586.237703
21 Mar 2024 10:51:55.000,3432.983883,-188.800406,6037.845960,60.493,-3.148,586.166085
21 Mar 2024 10:52:00.000,3457.975413,-165.170404,6024.261992,60.268,-2.735,586.093670
21 Mar 2024 10:52:05.000,3482.882177,-141.553846,6010.499315,60.041,-2.327,586.020466
21 Mar 2024 10:52:10.000,3507.703429,-117.951367,5996.558338,59.814,-1.926,585.946483
21 Mar 2024 10:52:15.000,3532.438425,-94.363600,5982.439474,59.585,-1.530,585.871728
21 Mar 2024 10:52:20.000,3557.086423,-70.791179,5968.143141,59.354,-1.140,585.796211
21 Mar 2024 10:52:25.000,3581.646686,-47.234735,5953.669765,59.123,-0.756,585.719940
21 Mar 2024 10:52:30.000,3606.118474,-23.694899,5939.019774,58.890,-0.376,585.642925
21 Mar 2024 10:52:35.000,3630.501053,-0.172301,5924.193603,58.656,-0.003,585.565174
21 Mar 2024 10:52:40.000,3654.793691,23.332430,5909.191691,58.420,0.366,585.486696
21 Mar 2024 10:52:45.000,3678.995656,46.818666,5894.014484,58.184,0.729,585.407502
21 Mar 2024 10:52:50.000,3703.106221,70.285780,5878.662433,57.946,1.087,585.327600
21 Mar 2024 10:52:55.000,3727.124658,93.733147,5863.135991,57.708,1.441,585.246999
21 Mar 2024 10:53:00.000,3751.050244,117.160143,5847.435621,57.468,1.789,585.165710
21 Mar 2024 10:53:05.000,3774.882256,140.566144,5831.561787,57.227,2.133,585.083741
21 Mar 2024 10:53:10.000,3798.619977,163.950528,5815.514961,56.985,2.471,585.001103
21 Mar 2024 10:53:15.000,3822.262688,187.312673,5799.295619,56.742,2.806,584.917804
21 Mar 2024 10:53:20.000,3845.809675,210.651961,5782.904242,56.498,3.135,584.833856
21 Mar 2024 10:53:25.000,3869.260225,233.967772,5766.341315,56.253,3.460,584.749267
21 Mar 2024 10:53:30.000,3892.613629,257.259489,5749.607331,56.007,3.781,584.664048
21 Mar 2024 10:53:35.000,3915.869179,280.526495,5732.702786,55.760,4.098,584.578209
21 Mar 2024 10:53:40.000,3939.026170,303.768176,5715.628181,55.512,4.410,584.491760
21 Mar 2024 10:53:45.000,3962.083899,326.983919,5698.384022,55.263,4.718,584.404711
21 Mar 2024 10:53:50.000,3985.041666,350.173110,5680.970822,55.014,5.022,584.317072
21 Mar 2024 10:53:55.000,4007.898773,373.335138,5663.389097,54.763,5.322,584.228854
21 Mar 2024 10:54:00.000,4030.654526,396.469394,5645.639369,54.512,5.618,584.140068
21 Mar 2024 10:54:05.000,4053.308231,419.575270,5627.722163,54.259,5.910,584.050722
21 Mar 2024 10:54:10.000,4075.859199,442.652157,5609.638012,54.006,6.198,583.960829
21 Mar 2024 10:54:15.000,4098.306742,465.699451,5591.387452,53.753,6.483,583.870399
21 Mar 2024 10:54:20.000,4120.650176,488.716547,5572.971024,53.498,6.764,583.779442
21 Mar 2024 10:54:25.000,4142.888817,511.702842,5554.389275,53.243,7.041,583.687969
21 Mar 2024 10:54:30.000,4165.021988,534.657734,5535.642756,52.987,7.315,583.595991
21 Mar 2024 10:54:35.000,4187.049010,557.580623,5516.732023,52.730,7.585,583.503519
21 Mar 2024 10:54:40.000,4208.969209,580.470911,5497.657637,52.472,7.852,583.410563
21 Mar 2024 10:54:45.000,4230.781915,603.328000,5478.420163,52.214,8.116,583.317136
21 Mar 2024 10:54:50.000,4252.486458,626.151295,5459.020174,51.955,8.376,583.223247
21 Mar 2024 10:54:55.000,4274.082172,648.940201,5439.458243,51.695,8.633,583.128907
21 Mar 2024 10:55:00.000,4295.568394,671.694125,5419.734951,51.435,8.887,583.034129
21 Mar 2024 10:55:05.000,4316.944465,694.412476,5399.850884,51.174,9.138,582.938923
21 Mar 2024 10:55:10.000,4338.209725,717.094665,5379.806632,50.913,9.386,582.843300
21 Mar 2024 10:55:15.000,4359.363521,739.740103,5359.602788,50.650,9.631,582.747272
21 Mar 2024 10:55:20.000,4380.405201,762.348203,5339.239952,50.387,9.873,582.650850
21 Mar 2024 10:55:25.000,4401.334115,784.918381,5318.718729,50.124,10.112,582.554045
21 Mar 2024 10:55:30.000,4422.149618,807.450053,5298.039726,49.860,10.348,582.456869
21 Mar 2024 10:55:35.000,4442.851066,829.942637,5277.203558,49.595,10.581,582.359334
21 Mar 2024 10:55:40.000,4463.437819,852.395553,5256.210843,49.330,10.812,582.261450
21 Mar 2024 10:55:45.000,4483.909240,874.808222,5235.062203,49.065,11.040,582.163230
21 Mar 2024 10:55:50.000,4504.264695,897.180068,5213.758266,48.798,11.265,582.064685
21 Mar 2024 10:55:55.000,4524.503552,919.510515,5192.299663,48.532,11.488,581.965827
21 Mar 2024 10:56:00.000,4544.625183,941.798989,5170.687032,48.264,11.708,581.866667
21 Mar 2024 10:56:05.000,4564.628962,964.044920,5148.921013,47.996,11.926,581.767217
21 Mar 2024 10:56:10.000,4584.514269,986.247736,5127.002252,47.728,12.141,581.667489
21 Mar 2024 10:56:15.000,4604.280483,1008.406869,5104.931400,47.459,12.354,581.567495
21 Mar 2024 10:56:20.000,4623.926988,1030.521753,5082.709110,47.190,12.564,581.467246
21 Mar 2024 10:56:25.000,4643.453172,1052.591823,5060.336043,46.920,12.772,581.366755
21 Mar 2024 10:56:30.000,4662.858425,1074.616515,5037.812861,46.650,12.978,581.266033
21 Mar 2024 10:56:35.000,4682.142141,1096.595268,5015.140234,46.379,13.182,581.165092
21 Mar 2024 10:56:40.000,4701.303715,1118.527522,4992.318833,46.108,13.383,581.063945
21 Mar 2024 10:56:45.000,4720.342549,1140.412721,4969.349336,45.836,13.582,580.962602
21 Mar 2024 10:56:50.000,4739.258044,1162.250307,4946.232424,45.564,13.779,580.861077
21 Mar 2024 10:56:55.000,4758.049607,1184.039727,4922.968783,45.292,13.974,580.759381
21 Mar 2024 10:57:00.000,4776.716648,1205.780428,4899.559102,45.019,14.167,580.657526
21 Mar 2024 10:57:05.000,4795.258579,1227.471861,4876.004077,44.746,14.358,580.555524
21 Mar 2024 10:57:10.000,4813.674817,1249.113477,4852.304406,44.472,14.547,580.453388
21 Mar 2024 10:57:15.000,4831.964780,1270.704729,4828.460792,44.198,14.734,580.351129
21 Mar 2024 10:57:20.000,4850.127893,1292.245072,4804.473943,43.923,14.919,580.248760
21 Mar 2024 10:57:25.000,4868.163579,1313.733964,4780.344570,43.648,15.102,580.146293
21 Mar 2024 10:57:30.000,4886.071270,1335.170865,4756.073388,43.373,15.284,580.043739
21 Mar 2024 10:57:35.000,4903.850398,1356.555234,4731.661119,43.098,15.463,579.941112
21 Mar 2024 10:57:40.000,4921.500399,1377.886536,4707.108485,42.822,15.641,579.838422
21 Mar 2024 10:57:45.000,4939.020712,1399.164235,4682.416216,42.545,15.817,579.735683
21 Mar 2024 10:57:50.000,4956.410781,1420.387799,4657.585043,42.269,15.991,579.632907
21 Mar 2024 10:57:55.000,4973.670053,1441.556697,4632.615704,41.991,16.164,579.530105
21 Mar 2024 10:58:00.000,4990.797977,1462.670399,4607.508940,41.714,16.334,579.427290
21 Mar 2024 10:58:05.000,5007.794006,1483.728380,4582.265494,41.436,16.504,579.324475
21 Mar 2024 10:58:10.000,5024.657599,1504.730114,4556.886116,41.158,16.671,579.221670
21 Mar 2024 10:58:15.000,5041.388214,1525.675078,4531.371559,40.880,16.837,579.118890
21 Mar 2024 10:58:20.000,5057.985317,1546.562752,4505.722579,40.601,17.002,579.016145
21 Mar 2024 10:58:25.000,5074.448375,1567.392617,4479.939938,40.322,17.165,578.913448
21 Mar 2024 10:58:30.000,5090.776859,1588.164157,4454.024400,40.043,17.326,578.810811
21 Mar 2024 10:58:35.000,5106.970244,1608.876857,4427.976734,39.763,17.486,578.708246
21 Mar 2024 10:58:40.000,5123.028009,1629.530206,4401.797712,39.483,17.645,578.605766
21 Mar 2024 10:58:45.000,5138.949635,1650.123692,4375.488113,39.203,17.802,578.503383
21 Mar 2024 10:58:50.000,5154.734608,1670.656809,4349.048715,38.923,17.958,578.401108
21 Mar 2024 10:58:55.000,5170.382417,1691.129050,4322.480303,38.642,18.112,578.298955
21 Mar 2024 10:59:00.000,5185.892556,1711.539911,4295.783665,38.361,18.265,578.196934
21 Mar 2024 10:59:05.000,5201.264521,1731.888892,4268.959594,38.080,18.416,578.095059
21 Mar 2024 10:59:10.000,5216.497813,1752.175493,4242.008885,37.798,18.567,577.993341
21 Mar 2024 10:59:15.000,5231.591936,1772.399216,4214.932337,37.516,18.716,577.891793
21 Mar 2024 10:59:20.000,5246.546398,1792.559568,4187.730754,37.234,18.863,577.790426
21 Mar 2024 10:59:25.000,5261.360710,1812.656055,4160.404942,36.952,19.010,577.689253
21 Mar 2024 10:59:30.000,5276.034387,1832.688187,4132.955713,36.669,19.155,577.588285
21 Mar 2024 10:59:35.000,5290.566950,1852.655476,4105.383880,36.386,19.299,577.487535
21 Mar 2024 10:59:40.000,5304.957922,1872.557436,4077.690262,36.103,19.442,577.387015
21 Mar 2024 10:59:45.000,5319.206828,1892.393584,4049.875679,35.820,19.584,577.286736
21 Mar 2024 10:59:50.000,5333.313200,1912.163438,4021.940958,35.537,19.724,577.186710
21 Mar 2024 10:59:55.000,5347.276572,1931.866520,3993.886926,35.253,19.864,577.086950
21 Mar 2024 11:00:00.000,5361.096484,1951.502352,3965.714417,34.969,20.002,576.987467
21 Mar 2024 11:00:05.000,5374.772476,1971.070461,3937.424265,34.685,20.139,576.888274
21 Mar 2024 11:00:10.000,5388.304096,1990.570374,3909.017310,34.400,20.275,576.789381
21 Mar 2024 11:00:15.000,5401.690893,2010.001622,3880.494394,34.115,20.411,576.690801
21 Mar 2024 11:00:20.000,5414.932422,2029.363737,3851.856365,33.831,20.545,576.592545
21 Mar 2024 11:00:25.000,5428.028241,2048.656255,3823.104071,33.545,20.678,576.494625
21 Mar 2024 11:00:30.000,5440.977912,2067.878713,3794.238364,33.260,20.810,576.397053
21 Mar 2024 11:00:35.000,5453.781000,2087.030650,3765.260103,32.975,20.941,576.299841
21 Mar 2024 11:00:40.000,5466.437076,2106.111610,3736.170145,32.689,21.071,576.202999
21 Mar 2024 11:00:45.000,5478.945713,2125.121136,3706.969355,32.403,21.200,576.106541
21 Mar 2024 11:00:50.000,5491.306490,2144.058777,3677.658598,32.117,21.328,576.010476
21 Mar 2024 11:00:55.000,5503.518989,2162.924080,3648.238744,31.831,21.455,575.914816
21 Mar 2024 11:01:00.000,5515.582796,2181.716599,3618.710665,31.544,21.582,575.819573
21 Mar 2024 11:01:05.000,5527.497500,2200.435887,3589.075238,31.258,21.707,575.724759
21 Mar 2024 11:01:10.000,5539.262697,2219.081502,3559.333341,30.971,21.832,575.630384
21 Mar 2024 11:01:15.000,5550.877983,2237.653003,3529.485858,30.684,21.955,575.536460
21 Mar 2024 11:01:20.000,5562.342963,2256.149952,3499.533673,30.397,22.078,575.442997
21 Mar 2024 11:01:25.000,5573.657242,2274.571912,3469.477674,30.109,22.200,575.350008
21 Mar 2024 11:01:30.000,5584.820431,2292.918451,3439.318755,29.822,22.321,575.257503
21 Mar 2024 11:01:35.000,5595.832145,2311.189138,3409.057808,29.534,22.442,575.165493
21 Mar 2024 11:01:40.000,5606.692003,2329.383545,3378.695732,29.246,22.561,575.073990
21 Mar 2024 11:01:45.000,5617.399628,2347.501247,3348.233428,28.958,22.680,574.983003
21 Mar 2024 11:01:50.000,5627.954647,2365.541819,3317.671799,28.670,22.798,574.892545
21 Mar 2024 11:01:55.000,5638.356692,2383.504843,3287.011751,28.382,22.915,574.802625
21 Mar 2024 11:02:00.000,5648.605398,2401.389899,3256.254195,28.093,23.032,574.713255
21 Mar 2024 11:02:05.000,5658.700406,2419.196572,3225.400043,27.805,23.148,574.624445
21 Mar 2024 11:02:10.000,5668.641359,2436.924450,3194.450210,27.516,23.263,574.536206
21 Mar 2024 11:02:15.000,5678.427906,2454.573121,3163.405613,27.227,23.377,574.448548
21 Mar 2024 11:02:20.000,5688.059700,2472.142180,3132.267175,26.938,23.491,574.361481
21 Mar 2024 11:02:25.000,5697.536398,2489.631220,3101.035819,26.649,23.604,574.275017
21 Mar 2024 11:02:30.000,5706.857661,2507.039839,3069.712471,26.359,23.716,574.189166
21 Mar 2024 11:02:35.000,5716.023154,2524.367637,3038.298060,26.070,23.828,574.103937
21 Mar 2024 11:02:40.000,5725.032548,2541.614217,3006.793519,25.780,23.939,574.019341
21 Mar 2024 11:02:45.000,5733.885516,2558.779185,2975.199782,25.490,24.049,573.935388
21 Mar 2024 11:02:50.000,5742.581737,2575.862148,2943.517785,25.200,24.159,573.852088
21 Mar 2024 11:02:55.000,5751.120894,2592.862718,2911.748470,24.910,24.268,573.769451
21 Mar 2024 11:03:00.000,5759.502674,2609.780508,2879.892779,24.620,24.377,573.687488
21 Mar 2024 11:03:05.000,5767.726769,2626.615134,2847.951655,24.330,24.484,573.606206
21 Mar 2024 11:03:10.000,5775.792874,2643.366214,2815.926048,24.040,24.592,573.525617
21 Mar 2024 11:03:15.000,5783.700690,2660.033370,2783.816907,23.749,24.699,573.445731
21 Mar 2024 11:03:20.000,5791.449921,2676.616227,2751.625184,23.458,24.805,573.366555
21 Mar 2024 11:03:25.000,5799.040278,2693.114411,2719.351835,23.168,24.910,573.288101
21 Mar 2024 11:03:30.000,5806.471472,2709.527552,2686.997816,22.877,25.016,573.210377
21 Mar 2024 11:03:35.000,5813.743223,2725.855281,2654.564088,22.586,25.120,573.133393
21 Mar 2024 11:03:40.000,5820.855252,2742.097235,2622.051613,22.295,25.224,573.057158
21 Mar 2024 11:03:45.000,5827.807286,2758.253051,2589.461355,22.004,25.328,572.981681
21 Mar 2024 11:03:50.000,5834.599058,2774.322369,2556.794282,21.712,25.431,572.906971
21 Mar 2024 11:03:55.000,5841.230302,2790.304833,2524.051361,21.421,25.533,572.833037
21 Mar 2024 11:04:00.000,5847.700759,2806.200088,2491.233564,21.129,25.635,572.759888
21 Mar 2024 11:04:05.000,5854.010173,2822.007784,2458.341866,20.838,25.737,572.687533
21 Mar 2024 11:04:10.000,5860.158294,2837.727572,2425.377241,20.546,25.838,572.615979
21 Mar 2024 11:04:15.000,5866.144876,2853.359106,2392.340668,20.254,25.939,572.545237
21 Mar 2024 11:04:20.000,5871.969677,2868.902044,2359.233127,19.962,26.039,572.475314
21 Mar 2024 11:04:25.000,5877.632459,2884.356045,2326.055599,19.670,26.139,572.406218
21 Mar 2024 11:04:30.000,5883.132991,2899.720772,2292.809069,19.378,26.238,572.337959
21 Mar 2024 11:04:35.000,5888.471043,2914.995891,2259.494523,19.086,26.337,572.270543
21 Mar 2024 11:04:40.000,5893.646393,2930.181069,2226.112950,18.794,26.435,572.203980
21 Mar 2024 11:04:45.000,5898.658821,2945.275978,2192.665340,18.502,26.534,572.138277
21 Mar 2024 11:04:50.000,5903.508114,2960.280293,2159.152684,18.209,26.631,572.073442
21 Mar 2024 11:04:55.000,5908.194060,2975.193689,2125.575977,17.917,26.728,572.009483
21 Mar 2024 11:05:00.000,5912.716455,2990.015846,2091.936216,17.624,26.825,571.946407
21 Mar 2024 11:05:05.000,5917.075098,3004.746448,2058.234398,17.331,26.922,571.884222
21 Mar 2024 11:05:10.000,5921.269794,3019.385179,2024.471522,17.039,27.018,571.822936
21 Mar 2024 11:05:15.000,5925.300350,3033.931727,1990.648591,16.746,27.114,571.762556
21 Mar 2024 11:05:20.000,5929.166580,3048.385783,1956.766607,16.453,27.209,571.703088
21 Mar 2024 11:05:25.000,5932.868302,3062.747042,1922.826577,16.160,27.304,571.644541
21 Mar 2024 11:05:30.000,5936.405337,3077.015200,1888.829506,15.867,27.399,571.586920
21 Mar 2024 11:05:35.000,5939.777514,3091.189957,1854.776403,15.574,27.493,571.530234
21 Mar 2024 11:05:40.000,5942.984664,3105.271015,1820.668278,15.280,27.588,571.474489
21 Mar 2024 11:05:45.000,5946.026623,3119.258080,1786.506144,14.987,27.681,571.419691
21 Mar 2024 11:05:50.000,5948.903232,3133.150860,1752.291013,14.694,27.775,571.365848
21 Mar 2024 11:05:55.000,5951.614338,3146.949066,1718.023901,14.400,27.868,571.312965
21 Mar 2024 11:06:00.000,5954.159789,3160.652412,1683.705824,14.107,27.961,571.261049
21 Mar 2024 11:06:05.000,5956.539443,3174.260617,1649.337800,13.814,28.053,571.210106
21 Mar 2024 11:06:10.000,5958.753157,3187.773398,1614.920848,13.520,28.146,571.160142
21 Mar 2024 11:06:15.000,5960.800797,3201.190480,1580.455991,13.226,28.238,571.111163
21 Mar 2024 11:06:20.000,5962.682232,3214.511588,1545.944249,12.933,28.329,571.063176
21 Mar 2024 11:06:25.000,5964.397336,3227.736451,1511.386647,12.639,28.421,571.016185
21 Mar 2024 11:06:30.000,5965.945986,3240.864800,1476.784210,12.345,28.512,570.970197
21 Mar 2024 11:06:35.000,5967.328068,3253.896371,1442.137965,12.051,28.603,570.925217
21 Mar 2024 11:06:40.000,5968.543468,3266.830900,1407.448938,11.757,28.694,570.881250
21 Mar 2024 11:06:45.000,5969.592079,3279.668128,1372.718160,11.463,28.784,570.838302
21 Mar 2024 11:06:50.000,5970.473800,3292.407799,1337.946661,11.169,28.874,570.796378
21 Mar 2024 11:06:55.000,5971.188531,3305.049658,1303.135471,10.875,28.965,570.755483
21 Mar 2024 11:07:00.000,5971.736180,3317.593456,1268.285624,10.581,29.054,570.715621
21 Mar 2024 11:07:05.000,5972.116659,3330.038945,1233.398154,10.287,29.144,570.676798
21 Mar 2024 11:07:10.000,5972.329885,3342.385879,1198.474095,9.993,29.233,570.639019
21 Mar 2024 11:07:15.000,5972.375777,3354.634017,1163.514484,9.698,29.323,570.602286
21 Mar 2024 11:07:20.000,5972.254264,3366.783121,1128.520357,9.404,29.412,570.566607
21 Mar 2024 11:07:25.000,5971.965274,3378.832954,1093.492753,9.110,29.500,570.531983
21 Mar 2024 11:07:30.000,5971.508745,3390.783284,1058.432710,8.815,29.589,570.498420
21 Mar 2024 11:07:35.000,5970.884615,3402.633881,1023.341269,8.521,29.678,570.465922
21 Mar 2024 11:07:40.000,5970.092831,3414.384518,988.219471,8.227,29.766,570.434492
21 Mar 2024 11:07:45.000,5969.133342,3426.034971,953.068358,7.932,29.854,570.404134
21 Mar 2024 11:07:50.000,5968.006103,3437.585019,917.888972,7.638,29.942,570.374853
21 Mar 2024 11:07:55.000,5966.711073,3449.034444,882.682356,7.343,30.030,570.346650
21 Mar 2024 11:08:00.000,5965.248217,3460.383032,847.449557,7.049,30.118,570.319531
21 Mar 2024 11:08:05.000,5963.617503,3471.630571,812.191617,6.754,30.205,570.293498
21 Mar 2024 11:08:10.000,5961.818906,3482.776852,776.909585,6.459,30.293,570.268554
21 Mar 2024 11:08:15.000,5959.852404,3493.821668,741.604505,6.165,30.380,570.244702
21 Mar 2024 11:08:20.000,5957.717981,3504.764818,706.277426,5.870,30.467,570.221945
21 Mar 2024 11:08:25.000,5955.415625,3515.606100,670.929395,5.575,30.554,570.200286
21 Mar 2024 11:08:30.000,5952.945329,3526.345319,635.561461,5.281,30.641,570.179727
21 Mar 2024 11:08:35.000,5950.307091,3536.982281,600.174674,4.986,30.728,570.160271
21 Mar 2024 11:08:40.000,5947.500914,3547.516795,564.770082,4.691,30.815,570.141920
21 Mar 2024 11:08:45.000,5944.526805,3557.948672,529.348736,4.396,30.902,570.124677
21 Mar 2024 11:08:50.000,5941.384776,3568.277729,493.911688,4.101,30.988,570.108543
21 Mar 2024 11:08:55.000,5938.074846,3578.503784,458.459987,3.807,31.075,570.093521
21 Mar 2024 11:09:00.000,5934.597036,3588.626658,422.994687,3.512,31.161,570.079612
21 Mar 2024 11:09:05.000,5930.951373,3598.646174,387.516838,3.217,31.248,570.066817
21 Mar 2024 11:09:10.000,5927.137888,3608.562162,352.027494,2.922,31.334,570.055139
21 Mar 2024 11:09:15.000,5923.156618,3618.374450,316.527706,2.627,31.420,570.044579
21 Mar 2024 11:09:20.000,5919.007604,3628.082873,281.018530,2.332,31.506,570.035138
21 Mar 2024 11:09:25.000,5914.690894,3637.687267,245.501016,2.037,31.593,570.026818
21 Mar 2024 11:09:30.000,5910.206537,3647.187472,209.976220,1.742,31.679,570.019618
21 Mar 2024 11:09:35.000,5905.554589,3656.583329,174.445196,1.448,31.765,570.013540
21 Mar 2024 11:09:40.000,5900.735111,3665.874685,138.908996,1.153,31.851,570.008586
21 Mar 2024 11:09:45.000,5895.748170,3675.061388,103.368675,0.858,31.937,570.004754
21 Mar 2024 11:09:50.000,5890.593834,3684.143290,67.825288,0.563,32.023,570.002047
21 Mar 2024 11:09:55.000,5885.272179,3693.120246,32.279889,0.268,32.109,570.000464
21 Mar 2024 11:10:00.000,5879.783286,3701.992113,-3.266467,-0.027,32.195,570.000005