"Time (UTCG)","Satellite11817 - x (km)","Satellite11817 - y (km)","Satellite11817 - z (km)","Lat (deg)","Lon (deg)","Alt (km)"
21 Mar 2024 10:50:00.000,-5244.586832,-2951.507135,3472.682301,30.140,-150.630,575.359885
21 Mar 2024 10:50:05.000,-5223.117555,-2954.059341,3502.739527,30.427,-150.509,575.452963
21 Mar 2024 10:50:10.000,-5201.495888,-2956.540134,3532.692845,30.715,-150.386,575.546514
21 Mar 2024 10:50:15.000,-5179.722416,-2958.949555,3562.541367,31.002,-150.263,575.640526
21 Mar 2024 10:50:20.000,-5157.797732,-2961.287643,3592.284207,31.289,-150.138,575.734988
21 Mar 2024 10:50:25.000,-5135.722429,-2963.554440,3621.920483,31.575,-150.013,575.829889
21 Mar 2024 10:50:30.000,-5113.497107,-2965.749988,3651.449317,31.862,-149.887,575.925218
21 Mar 2024 10:50:35.000,-5091.122371,-2967.874335,3680.869831,32.148,-149.760,576.020963
21 Mar 2024 10:50:40.000,-5068.598828,-2969.927525,3710.181153,32.434,-149.632,576.117113
21 Mar 2024 10:50:45.000,-5045.927092,-2971.909608,3739.382414,32.720,-149.503,576.213657
21 Mar 2024 10:50:50.000,-5023.107779,-2973.820633,3768.472747,33.006,-149.373,576.310582
21 Mar 2024 10:50:55.000,-5000.141513,-2975.660653,3797.451290,33.292,-149.242,576.407877
21 Mar 2024 10:51:00.000,-4977.028917,-2977.429720,3826.317183,33.577,-149.111,576.505532
21 Mar 2024 10:51:05.000,-4953.770624,-2979.127891,3855.069569,33.862,-148.978,576.603533
21 Mar 2024 10:51:10.000,-4930.367268,-2980.755220,3883.707596,34.147,-148.844,576.701870
21 Mar 2024 10:51:15.000,-4906.819487,-2982.311767,3912.230414,34.432,-148.709,576.800531
21 Mar 2024 10:51:20.000,-4883.127926,-2983.797591,3940.637177,34.717,-148.573,576.899504
21 Mar 2024 10:51:25.000,-4859.293232,-2985.212754,3968.927043,35.001,-148.436,576.998776
21 Mar 2024 10:51:30.000,-4835.316057,-2986.557319,3997.099171,35.285,-148.298,577.098338
21 Mar 2024 10:51:35.000,-4811.197057,-2987.831350,4025.152726,35.569,-148.159,577.198176
21 Mar 2024 10:51:40.000,-4786.936893,-2989.034915,4053.086877,35.853,-148.019,577.298278
21 Mar 2024 10:51:45.000,-4762.536229,-2990.168080,4080.900794,36.136,-147.877,577.398633
21 Mar 2024 10:51:50.000,-4737.995734,-2991.230915,4108.593653,36.419,-147.735,577.499229
21 Mar 2024 10:51:55.000,-4713.316082,-2992.223492,4136.164632,36.702,-147.591,577.600054
21 Mar 2024 10:52:00.000,-4688.497949,-2993.145882,4163.612912,36.985,-147.446,577.701096
21 Mar 2024 10:52:05.000,-4663.542017,-2993.998160,4190.937681,37.267,-147.300,577.802343
21 Mar 2024 10:52:10.000,-4638.448971,-2994.780403,4218.138126,37.550,-147.152,577.903782
21 Mar 2024 10:52:15.000,-4613.219502,-2995.492686,4245.213442,37.832,-147.003,578.005402
21 Mar 2024 10:52:20.000,-4587.854301,-2996.135090,4272.162825,38.113,-146.853,578.107191
21 Mar 2024 10:52:25.000,-4562.354069,-2996.707694,4298.985476,38.395,-146.702,578.209137
21 Mar 2024 10:52:30.000,-4536.719505,-2997.210580,4325.680598,38.676,-146.549,578.311227
21 Mar 2024 10:52:35.000,-4510.951317,-2997.643833,4352.247401,38.957,-146.395,578.413449
21 Mar 2024 10:52:40.000,-4485.050213,-2998.007537,4378.685096,39.237,-146.239,578.515791
21 Mar 2024 10:52:45.000,-4459.016908,-2998.301778,4404.992898,39.518,-146.083,578.618242
21 Mar 2024 10:52:50.000,-4432.852119,-2998.526645,4431.170028,39.798,-145.924,578.720788
21 Mar 2024 10:52:55.000,-4406.556569,-2998.682228,4457.215708,40.077,-145.765,578.823418
21 Mar 2024 10:53:00.000,-4380.130982,-2998.768618,4483.129167,40.357,-145.603,578.926119
21 Mar 2024 10:53:05.000,-4353.576089,-2998.785906,4508.909635,40.636,-145.441,579.028880
21 Mar 2024 10:53:10.000,-4326.892622,-2998.734189,4534.556348,40.915,-145.276,579.131688
21 Mar 2024 10:53:15.000,-4300.081320,-2998.613560,4560.068545,41.193,-145.110,579.234530
21 Mar 2024 10:53:20.000,-4273.142923,-2998.424118,4585.445468,41.471,-144.943,579.337396
21 Mar 2024 10:53:25.000,-4246.078176,-2998.165960,4610.686366,41.749,-144.774,579.440272
21 Mar 2024 10:53:30.000,-4218.887829,-2997.839188,4635.790489,42.027,-144.603,579.543146
21 Mar 2024 10:53:35.000,-4191.572633,-2997.443903,4660.757094,42.304,-144.431,579.646006
21 Mar 2024 10:53:40.000,-4164.133345,-2996.980207,4685.585438,42.581,-144.257,579.748840
21 Mar 2024 10:53:45.000,-4136.570725,-2996.448206,4710.274786,42.857,-144.081,579.851635
21 Mar 2024 10:53:50.000,-4108.885537,-2995.848005,4734.824405,43.133,-143.904,579.954380
21 Mar 2024 10:53:55.000,-4081.078549,-2995.179712,4759.233567,43.409,-143.724,580.057063
21 Mar 2024 10:54:00.000,-4053.150531,-2994.443435,4783.501548,43.684,-143.543,580.159670
21 Mar 2024 10:54:05.000,-4025.102258,-2993.639285,4807.627628,43.959,-143.360,580.262190
21 Mar 2024 10:54:10.000,-3996.934510,-2992.767375,4831.611091,44.234,-143.175,580.364612
21 Mar 2024 10:54:15.000,-3968.648067,-2991.827816,4855.451227,44.508,-142.989,580.466921
21 Mar 2024 10:54:20.000,-3940.243716,-2990.820723,4879.147326,44.782,-142.800,580.569108
21 Mar 2024 10:54:25.000,-3911.722246,-2989.746214,4902.698688,45.055,-142.609,580.671158
21 Mar 2024 10:54:30.000,-3883.084449,-2988.604404,4926.104612,45.328,-142.416,580.773061
21 Mar 2024 10:54:35.000,-3854.331122,-2987.395413,4949.364405,45.601,-142.222,580.874805
21 Mar 2024 10:54:40.000,-3825.463065,-2986.119362,4972.477377,45.873,-142.025,580.976376
21 Mar 2024 10:54:45.000,-3796.481081,-2984.776371,4995.442842,46.145,-141.826,581.077764
21 Mar 2024 10:54:50.000,-3767.385977,-2983.366564,5018.260119,46.416,-141.625,581.178956
21 Mar 2024 10:54:55.000,-3738.178562,-2981.890065,5040.928530,46.687,-141.421,581.279940
21 Mar 2024 10:55:00.000,-3708.859651,-2980.347000,5063.447404,46.958,-141.216,581.380704
21 Mar 2024 10:55:05.000,-3679.430060,-2978.737497,5085.816073,47.227,-141.008,581.481236
21 Mar 2024 10:55:10.000,-3649.890610,-2977.061683,5108.033873,47.497,-140.797,581.581525
21 Mar 2024 10:55:15.000,-3620.242124,-2975.319688,5130.100144,47.766,-140.585,581.681559
21 Mar 2024 10:55:20.000,-3590.485430,-2973.511644,5152.014233,48.034,-140.370,581.781325
21 Mar 2024 10:55:25.000,-3560.621357,-2971.637683,5173.775488,48.302,-140.152,581.880812
21 Mar 2024 10:55:30.000,-3530.650739,-2969.697940,5195.383266,48.570,-139.932,581.980008
21 Mar 2024 10:55:35.000,-3500.574413,-2967.692549,5216.836924,48.837,-139.710,582.078902
21 Mar 2024 10:55:40.000,-3470.393218,-2965.621646,5238.135826,49.103,-139.484,582.177481
21 Mar 2024 10:55:45.000,-3440.107999,-2963.485371,5259.279341,49.369,-139.257,582.275734
21 Mar 2024 10:55:50.000,-3409.719601,-2961.283861,5280.266840,49.634,-139.026,582.373650
21 Mar 2024 10:55:55.000,-3379.228874,-2959.017257,5301.097703,49.899,-138.793,582.471216
21 Mar 2024 10:56:00.000,-3348.636671,-2956.685702,5321.771310,50.163,-138.557,582.568422
21 Mar 2024 10:56:05.000,-3317.943847,-2954.289338,5342.287048,50.427,-138.318,582.665255
21 Mar 2024 10:56:10.000,-3287.151261,-2951.828309,5362.644310,50.690,-138.076,582.761705
21 Mar 2024 10:56:15.000,-3256.259775,-2949.302762,5382.842490,50.952,-137.832,582.857760
21 Mar 2024 10:56:20.000,-3225.270253,-2946.712842,5402.880990,51.214,-137.584,582.953409
21 Mar 2024 10:56:25.000,-3194.183565,-2944.058699,5422.759215,51.475,-137.333,583.048640
21 Mar 2024 10:56:30.000,-3163.000580,-2941.340481,5442.476576,51.735,-137.080,583.143442
21 Mar 2024 10:56:35.000,-3131.722173,-2938.558339,5462.032487,51.995,-136.823,583.237803
21 Mar 2024 10:56:40.000,-3100.349219,-2935.712426,5481.426369,52.254,-136.562,583.331714
21 Mar 2024 10:56:45.000,-3068.882600,-2932.802894,5500.657647,52.513,-136.299,583.425162
21 Mar 2024 10:56:50.000,-3037.323197,-2929.829897,5519.725749,52.770,-136.032,583.518137
21 Mar 2024 10:56:55.000,-3005.671896,-2926.793592,5538.630110,53.027,-135.762,583.610627
21 Mar 2024 10:57:00.000,-2973.929586,-2923.694134,5557.370169,53.284,-135.488,583.702623
21 Mar 2024 10:57:05.000,-2942.097156,-2920.531683,5575.945371,53.539,-135.211,583.794112
21 Mar 2024 10:57:10.000,-2910.175501,-2917.306397,5594.355165,53.794,-134.930,583.885084
21 Mar 2024 10:57:15.000,-2878.165518,-2914.018437,5612.599003,54.048,-134.645,583.975528
21 Mar 2024 10:57:20.000,-2846.068105,-2910.667965,5630.676346,54.301,-134.357,584.065434
21 Mar 2024 10:57:25.000,-2813.884165,-2907.255142,5648.586656,54.553,-134.065,584.154791
21 Mar 2024 10:57:30.000,-2781.614602,-2903.780134,5666.329403,54.805,-133.769,584.243589
21 Mar 2024 10:57:35.000,-2749.260325,-2900.243105,5683.904061,55.055,-133.469,584.331816
21 Mar 2024 10:57:40.000,-2716.822242,-2896.644222,5701.310107,55.305,-133.165,584.419464
21 Mar 2024 10:57:45.000,-2684.301266,-2892.983652,5718.547025,55.554,-132.857,584.506520
21 Mar 2024 10:57:50.000,-2651.698312,-2889.261563,5735.614305,55.802,-132.545,584.592976
21 Mar 2024 10:57:55.000,-2619.014298,-2885.478126,5752.511439,56.049,-132.229,584.678820
21 Mar 2024 10:58:00.000,-2586.250145,-2881.633512,5769.237927,56.295,-131.908,584.764043
21 Mar 2024 10:58:05.000,-2553.406774,-2877.727892,5785.793273,56.541,-131.583,584.848635
21 Mar 2024 10:58:10.000,-2520.485111,-2873.761440,5802.176985,56.785,-131.253,584.932586
21 Mar 2024 10:58:15.000,-2487.486083,-2869.734330,5818.388577,57.028,-130.919,585.015885
21 Mar 2024 10:58:20.000,-2454.410621,-2865.646737,5834.427568,57.270,-130.580,585.098523
21 Mar 2024 10:58:25.000,-2421.259657,-2861.498838,5850.293484,57.511,-130.236,585.180491
21 Mar 2024 10:58:30.000,-2388.034125,-2857.290811,5865.985852,57.751,-129.888,585.261778
21 Mar 2024 10:58:35.000,-2354.734963,-2853.022833,5881.504207,57.990,-129.534,585.342375
21 Mar 2024 10:58:40.000,-2321.363110,-2848.695086,5896.848090,58.228,-129.176,585.422273
21 Mar 2024 10:58:45.000,-2287.919507,-2844.307749,5912.017044,58.465,-128.813,585.501461
21 Mar 2024 10:58:50.000,-2254.405099,-2839.861004,5927.010621,58.700,-128.444,585.579932
21 Mar 2024 10:58:55.000,-2220.820831,-2835.355035,5941.828374,58.934,-128.070,585.657675
21 Mar 2024 10:59:00.000,-2187.167653,-2830.790026,5956.469866,59.167,-127.691,585.734682
21 Mar 2024 10:59:05.000,-2153.446513,-2826.166161,5970.934660,59.399,-127.306,585.810942
21 Mar 2024 10:59:10.000,-2119.658366,-2821.483628,5985.222329,59.630,-126.916,585.886449
21 Mar 2024 10:59:15.000,-2085.804165,-2816.742611,5999.332447,59.859,-126.520,585.961191
21 Mar 2024 10:59:20.000,-2051.884869,-2811.943301,6013.264598,60.087,-126.118,586.035162
21 Mar 2024 10:59:25.000,-2017.901434,-2807.085886,6027.018367,60.313,-125.711,586.108351
21 Mar 2024 10:59:30.000,-1983.854823,-2802.170557,6040.593347,60.538,-125.297,586.180751
21 Mar 2024 10:59:35.000,-1949.745999,-2797.197504,6053.989134,60.762,-124.878,586.252352
21 Mar 2024 10:59:40.000,-1915.575925,-2792.166919,6067.205332,60.984,-124.452,586.323147
21 Mar 2024 10:59:45.000,-1881.345570,-2787.078997,6080.241548,61.205,-124.020,586.393127
21 Mar 2024 10:59:50.000,-1847.055902,-2781.933931,6093.097395,61.424,-123.582,586.462284
21 Mar 2024 10:59:55.000,-1812.707891,-2776.731916,6105.772493,61.641,-123.137,586.530609
21 Mar 2024 11:00:00.000,-1778.302511,-2771.473148,6118.266465,61.857,-122.686,586.598095
21 Mar 2024 11:00:05.000,-1743.840735,-2766.157824,6130.578941,62.071,-122.228,586.664734
21 Mar 2024 11:00:10.000,-1709.323540,-2760.786143,6142.709555,62.284,-121.763,586.730518
21 Mar 2024 11:00:15.000,-1674.751903,-2755.358303,6154.657948,62.495,-121.292,586.795439
21 Mar 2024 11:00:20.000,-1640.126805,-2749.874505,6166.423765,62.704,-120.813,586.859490
21 Mar 2024 11:00:25.000,-1605.449227,-2744.334948,6178.006656,62.911,-120.328,586.922662
21 Mar 2024 11:00:30.000,-1570.720152,-2738.739835,6189.406279,63.116,-119.835,586.984950
21 Mar 2024 11:00:35.000,-1535.940564,-2733.089369,6200.622296,63.320,-119.335,587.046344
21 Mar 2024 11:00:40.000,-1501.111451,-2727.383753,6211.654373,63.522,-118.828,587.106838
21 Mar 2024 11:00:45.000,-1466.233801,-2721.623191,6222.502183,63.721,-118.313,587.166426
21 Mar 2024 11:00:50.000,-1431.308602,-2715.807890,6233.165405,63.919,-117.791,587.225099
21 Mar 2024 11:00:55.000,-1396.336847,-2709.938055,6243.643722,64.114,-117.260,587.282852
21 Mar 2024 11:01:00.000,-1361.319527,-2704.013893,6253.936823,64.308,-116.723,587.339676
21 Mar 2024 11:01:05.000,-1326.257639,-2698.035612,6264.044403,64.499,-116.177,587.395566
21 Mar 2024 11:01:10.000,-1291.152175,-2692.003422,6273.966162,64.688,-115.624,587.450516
21 Mar 2024 11:01:15.000,-1256.004136,-2685.917532,6283.701807,64.875,-115.062,587.504517
21 Mar 2024 11:01:20.000,-1220.814517,-2679.778152,6293.251047,65.059,-114.492,587.557565
21 Mar 2024 11:01:25.000,-1185.584321,-2673.585495,6302.613600,65.241,-113.915,587.609653
21 Mar 2024 11:01:30.000,-1150.314547,-2667.339773,6311.789188,65.421,-113.329,587.660775
21 Mar 2024 11:01:35.000,-1115.006199,-2661.041198,6320.777539,65.598,-112.734,587.710925
21 Mar 2024 11:01:40.000,-1079.660280,-2654.689984,6329.578386,65.773,-112.132,587.760096
21 Mar 2024 11:01:45.000,-1044.277796,-2648.286347,6338.191468,65.945,-111.520,587.808284
21 Mar 2024 11:01:50.000,-1008.859753,-2641.830501,6346.616529,66.114,-110.901,587.855483
21 Mar 2024 11:01:55.000,-973.407159,-2635.322664,6354.853321,66.281,-110.273,587.901686
21 Mar 2024 11:02:00.000,-937.921022,-2628.763053,6362.901597,66.445,-109.636,587.946889
21 Mar 2024 11:02:05.000,-902.402353,-2622.151885,6370.761121,66.606,-108.991,587.991086
21 Mar 2024 11:02:10.000,-866.852162,-2615.489379,6378.431658,66.764,-108.337,588.034272
21 Mar 2024 11:02:15.000,-831.271462,-2608.775754,6385.912980,66.920,-107.674,588.076443
21 Mar 2024 11:02:20.000,-795.661266,-2602.011232,6393.204867,67.072,-107.003,588.117592
21 Mar 2024 11:02:25.000,-760.022588,-2595.196033,6400.307101,67.221,-106.323,588.157716
21 Mar 2024 11:02:30.000,-724.356444,-2588.330378,6407.219472,67.368,-105.635,588.196809
21 Mar 2024 11:02:35.000,-688.663849,-2581.414491,6413.941775,67.511,-104.937,588.234867
21 Mar 2024 11:02:40.000,-652.945822,-2574.448595,6420.473811,67.651,-104.232,588.271885
21 Mar 2024 11:02:45.000,-617.203379,-2567.432913,6426.815385,67.787,-103.517,588.307860
21 Mar 2024 11:02:50.000,-581.437541,-2560.367671,6432.966310,67.921,-102.794,588.342786
21 Mar 2024 11:02:55.000,-545.649326,-2553.253093,6438.926403,68.050,-102.063,588.376660
21 Mar 2024 11:03:00.000,-509.839756,-2546.089406,6444.695488,68.177,-101.323,588.409478
21 Mar 2024 11:03:05.000,-474.009852,-2538.876837,6450.273392,68.300,-100.575,588.441236
21 Mar 2024 11:03:10.000,-438.160636,-2531.615614,6455.659952,68.419,-99.819,588.471931
21 Mar 2024 11:03:15.000,-402.293132,-2524.305964,6460.855006,68.535,-99.055,588.501558
21 Mar 2024 11:03:20.000,-366.408362,-2516.948116,6465.858401,68.647,-98.283,588.530114
21 Mar 2024 11:03:25.000,-330.507352,-2509.542301,6470.669989,68.755,-97.503,588.557596
21 Mar 2024 11:03:30.000,-294.591126,-2502.088748,6475.289626,68.859,-96.715,588.584000
21 Mar 2024 11:03:35.000,-258.660710,-2494.587688,6479.717176,68.959,-95.920,588.609324
21 Mar 2024 11:03:40.000,-222.717131,-2487.039352,6483.952507,69.056,-95.117,588.633565
21 Mar 2024 11:03:45.000,-186.761414,-2479.443974,6487.995494,69.149,-94.308,588.656719
21 Mar 2024 11:03:50.000,-150.794587,-2471.801785,6491.846016,69.237,-93.491,588.678784
21 Mar 2024 11:03:55.000,-114.817679,-2464.113020,6495.503960,69.321,-92.668,588.699758
21 Mar 2024 11:04:00.000,-78.831717,-2456.377912,6498.969217,69.402,-91.838,588.719637
21 Mar 2024 11:04:05.000,-42.837730,-2448.596696,6502.241684,69.478,-91.002,588.738420
21 Mar 2024 11:04:10.000,-6.836747,-2440.769607,6505.321264,69.550,-90.160,588.756105
21 Mar 2024 11:04:15.000,29.170202,-2432.896882,6508.207866,69.617,-89.313,588.772688
21 Mar 2024 11:04:20.000,65.182088,-2424.978756,6510.901405,69.680,-88.460,588.788170
21 Mar 2024 11:04:25.000,101.197880,-2417.015466,6513.401799,69.739,-87.602,588.802546
21 Mar 2024 11:04:30.000,137.216547,-2409.007252,6515.708975,69.794,-86.740,588.815817
21 Mar 2024 11:04:35.000,173.237060,-2400.954349,6517.822865,69.844,-85.873,588.827980
21 Mar 2024 11:04:40.000,209.258387,-2392.856998,6519.743406,69.889,-85.002,588.839033
21 Mar 2024 11:04:45.000,245.279497,-2384.715438,6521.470541,69.930,-84.128,588.848977
21 Mar 2024 11:04:50.000,281.299358,-2376.529908,6523.004219,69.967,-83.250,588.857808
21 Mar 2024 11:04:55.000,317.316940,-2368.300650,6524.344393,69.999,-82.369,588.865527
21 Mar 2024 11:05:00.000,353.331210,-2360.027903,6525.491026,70.026,-81.485,588.872133
21 Mar 2024 11:05:05.000,389.341138,-2351.711910,6526.444081,70.049,-80.600,588.877624
21 Mar 2024 11:05:10.000,425.345690,-2343.352912,6527.203532,70.067,-79.712,588.882001
21 Mar 2024 11:05:15.000,461.343837,-2334.951152,6527.769355,70.081,-78.823,588.885262
21 Mar 2024 11:05:20.000,497.334545,-2326.506873,6528.141534,70.090,-77.934,588.887407
21 Mar 2024 11:05:25.000,533.316783,-2318.020318,6528.320058,70.094,-77.043,588.888436
21 Mar 2024 11:05:30.000,569.289520,-2309.491732,6528.304922,70.094,-76.153,588.888348
21 Mar 2024 11:05:35.000,605.251723,-2300.921359,6528.096125,70.089,-75.262,588.887145
21 Mar 2024 11:05:40.000,641.202363,-2292.309444,6527.693675,70.079,-74.373,588.884825
21 Mar 2024 11:05:45.000,677.140407,-2283.656232,6527.097583,70.065,-73.484,588.881390
21 Mar 2024 11:05:50.000,713.064825,-2274.961970,6526.307866,70.046,-72.597,588.876839
21 Mar 2024 11:05:55.000,748.974585,-2266.226903,6525.324549,70.022,-71.712,588.871174
21 Mar 2024 11:06:00.000,784.868658,-2257.451279,6524.147660,69.994,-70.829,588.864394
21 Mar 2024 11:06:05.000,820.746012,-2248.635344,6522.777234,69.961,-69.948,588.856501
21 Mar 2024 11:06:10.000,856.605619,-2239.779347,6521.213312,69.924,-69.071,588.847496
21 Mar 2024 11:06:15.000,892.446447,-2230.883535,6519.455941,69.882,-68.197,588.837379
21 Mar 2024 11:06:20.000,928.267469,-2221.948157,6517.505172,69.836,-67.326,588.826151
21 Mar 2024 11:06:25.000,964.067656,-2212.973463,6515.361063,69.786,-66.460,588.813815
21 Mar 2024 11:06:30.000,999.845978,-2203.959700,6513.023678,69.730,-65.598,588.800372
21 Mar 2024 11:06:35.000,1035.601408,-2194.907119,6510.493087,69.671,-64.741,588.785822
21 Mar 2024 11:06:40.000,1071.332919,-2185.815971,6507.769363,69.607,-63.889,588.770169
21 Mar 2024 11:06:45.000,1107.039484,-2176.686505,6504.852589,69.539,-63.043,588.753413
21 Mar 2024 11:06:50.000,1142.720075,-2167.518973,6501.742851,69.466,-62.202,588.735556
21 Mar 2024 11:06:55.000,1178.373669,-2158.313626,6498.440240,69.389,-61.367,588.716602
21 Mar 2024 11:07:00.000,1213.999238,-2149.070715,6494.944856,69.309,-60.538,588.696551
21 Mar 2024 11:07:05.000,1249.595760,-2139.790493,6491.256801,69.224,-59.716,588.675407
21 Mar 2024 11:07:10.000,1285.162209,-2130.473211,6487.376185,69.134,-58.900,588.653171
21 Mar 2024 11:07:15.000,1320.697563,-2121.119123,6483.303123,69.041,-58.092,588.629847
21 Mar 2024 11:07:20.000,1356.200800,-2111.728482,6479.037736,68.944,-57.290,588.605437
21 Mar 2024 11:07:25.000,1391.670897,-2102.301540,6474.580150,68.843,-56.496,588.579944
21 Mar 2024 11:07:30.000,1427.106834,-2092.838552,6469.930498,68.738,-55.710,588.553371
21 Mar 2024 11:07:35.000,1462.507591,-2083.339771,6465.088918,68.629,-54.931,588.525721
21 Mar 2024 11:07:40.000,1497.872148,-2073.805452,6460.055553,68.517,-54.160,588.496997
21 Mar 2024 11:07:45.000,1533.199488,-2064.235850,6454.830552,68.401,-53.397,588.467203
21 Mar 2024 11:07:50.000,1568.488593,-2054.631218,6449.414071,68.281,-52.642,588.436342
21 Mar 2024 11:07:55.000,1603.738446,-2044.991813,6443.806270,68.157,-51.895,588.404418
21 Mar 2024 11:08:00.000,1638.948033,-2035.317890,6438.007316,68.030,-51.157,588.371435
21 Mar 2024 11:08:05.000,1674.116337,-2025.609705,6432.017381,67.900,-50.427,588.337396
21 Mar 2024 11:08:10.000,1709.242347,-2015.867513,6425.836641,67.766,-49.706,588.302305
21 Mar 2024 11:08:15.000,1744.325050,-2006.091571,6419.465282,67.629,-48.993,588.266167
21 Mar 2024 11:08:20.000,1779.363433,-1996.282136,6412.903490,67.489,-48.288,588.228986
21 Mar 2024 11:08:25.000,1814.356488,-1986.439463,6406.151463,67.345,-47.592,588.190766
21 Mar 2024 11:08:30.000,1849.303206,-1976.563811,6399.209399,67.198,-46.905,588.151511
21 Mar 2024 11:08:35.000,1884.202577,-1966.655436,6392.077504,67.048,-46.227,588.111227
21 Mar 2024 11:08:40.000,1919.053596,-1956.714595,6384.755990,66.896,-45.557,588.069918
21 Mar 2024 11:08:45.000,1953.855258,-1946.741548,6377.245075,66.740,-44.896,588.027588
21 Mar 2024 11:08:50.000,1988.606557,-1936.736550,6369.544981,66.581,-44.243,587.984244
21 Mar 2024 11:08:55.000,2023.306492,-1926.699861,6361.655936,66.419,-43.599,587.939889
21 Mar 2024 11:09:00.000,2057.954061,-1916.631739,6353.578175,66.255,-42.964,587.894529
21 Mar 2024 11:09:05.000,2092.548263,-1906.532442,6345.311937,66.088,-42.337,587.848170
21 Mar 2024 11:09:10.000,2127.088101,-1896.402229,6336.857468,65.918,-41.719,587.800817
21 Mar 2024 11:09:15.000,2161.572575,-1886.241359,6328.215017,65.745,-41.109,587.752475
21 Mar 2024 11:09:20.000,2196.000692,-1876.050091,6319.384843,65.570,-40.507,587.703150
21 Mar 2024 11:09:25.000,2230.371455,-1865.828683,6310.367205,65.393,-39.914,587.652848
21 Mar 2024 11:09:30.000,2264.683873,-1855.577396,6301.162373,65.213,-39.330,587.601575
21 Mar 2024 11:09:35.000,2298.936954,-1845.296489,6291.770619,65.030,-38.753,587.549336
21 Mar 2024 11:09:40.000,2333.129708,-1834.986222,6282.192221,64.846,-38.185,587.496139
21 Mar 2024 11:09:45.000,2367.261147,-1824.646853,6272.427464,64.658,-37.624,587.441988
21 Mar 2024 11:09:50.000,2401.330283,-1814.278644,6262.476638,64.469,-37.072,587.386892
21 Mar 2024 11:09:55.000,2435.336133,-1803.881855,6252.340037,64.278,-36.528,587.330855
21 Mar 2024 11:10:00.000,2469.277713,-1793.456745,6242.017963,64.084,-35.991,587.273885