"Time (UTCG)","Satellite12205 - x (km)","Satellite12205 - y (km)","Satellite12205 - z (km)","Lat (deg)","Lon (deg)","Alt (km)"
21 Mar 2024 10:50:00.000,3823.782227,5797.338908,214.846083,1.783,56.592,570.020538
21 Mar 2024 10:50:05.000,3815.597322,5803.935508,179.325025,1.488,56.678,570.014309
21 Mar 2024 10:50:10.000,3807.304526,5810.366767,143.798648,1.193,56.765,570.009201
21 Mar 2024 10:50:15.000,3798.903961,5816.632574,108.268005,0.898,56.851,570.005216
21 Mar 2024 10:50:20.000,3790.395754,5822.732824,72.734151,0.604,56.937,570.002354
21 Mar 2024 10:50:25.000,3781.780036,5828.667415,37.198138,0.309,57.024,570.000616
21 Mar 2024 10:50:30.000,3773.056938,5834.436250,1.661023,0.014,57.110,570.000001
21 Mar 2024 10:50:35.000,3764.226596,5840.039239,-33.876142,-0.281,57.196,570.000511
21 Mar 2024 10:50:40.000,3755.289150,5845.476294,-69.412302,-0.576,57.282,570.002144
21 Mar 2024 10:50:45.000,3746.244741,5850.747334,-104.946403,-0.871,57.368,570.004901
21 Mar 2024 10:50:50.000,3737.093514,5855.852281,-140.477391,-1.166,57.455,570.008781
21 Mar 2024 10:50:55.000,3727.835619,5860.791063,-176.004212,-1.460,57.541,570.013783
21 Mar 2024 10:51:00.000,3718.471205,5865.563613,-211.525811,-1.755,57.627,570.019909
21 Mar 2024 10:51:05.000,3709.000428,5870.169867,-247.041135,-2.050,57.714,570.027155
21 Mar 2024 10:51:10.000,3699.423445,5874.609769,-282.549131,-2.345,57.800,570.035522
21 Mar 2024 10:51:15.000,3689.740417,5878.883263,-318.048745,-2.640,57.887,570.045009
21 Mar 2024 10:51:20.000,3679.951507,5882.990303,-353.538925,-2.935,57.973,570.055614
21 Mar 2024 10:51:25.000,3670.056883,5886.930844,-389.018616,-3.229,58.060,570.067336
21 Mar 2024 10:51:30.000,3660.056714,5890.704848,-424.486767,-3.524,58.146,570.080174
21 Mar 2024 10:51:35.000,3649.951172,5894.312281,-459.942326,-3.819,58.233,570.094127
21 Mar 2024 10:51:40.000,3639.740435,5897.753113,-495.384241,-4.114,58.320,570.109192
21 Mar 2024 10:51:45.000,3629.424682,5901.027321,-530.811460,-4.408,58.406,570.125367
21 Mar 2024 10:51:50.000,3619.004094,5904.134884,-566.222932,-4.703,58.493,570.142652
21 Mar 2024 10:51:55.000,3608.478857,5907.075788,-601.617608,-4.998,58.580,570.161043
21 Mar 2024 10:52:00.000,3597.849160,5909.850022,-636.994437,-5.293,58.667,570.180538
21 Mar 2024 10:52:05.000,3587.115194,5912.457581,-672.352369,-5.587,58.755,570.201136
21 Mar 2024 10:52:10.000,3576.277153,5914.898466,-707.690356,-5.882,58.842,570.222834
21 Mar 2024 10:52:15.000,3565.335235,5917.172679,-743.007349,-6.176,58.929,570.245628
21 Mar 2024 10:52:20.000,3554.289641,5919.280230,-778.302301,-6.471,59.017,570.269517
21 Mar 2024 10:52:25.000,3543.140575,5921.221134,-813.574164,-6.766,59.105,570.294498
21 Mar 2024 10:52:30.000,3531.888243,5922.995408,-848.821893,-7.060,59.192,570.320567
21 Mar 2024 10:52:35.000,3520.532856,5924.603076,-884.044442,-7.355,59.280,570.347721
21 Mar 2024 10:52:40.000,3509.074627,5926.044166,-919.240765,-7.649,59.368,570.375957
21 Mar 2024 10:52:45.000,3497.513770,5927.318710,-954.409819,-7.943,59.457,570.405273
21 Mar 2024 10:52:50.000,3485.850507,5928.426748,-989.550561,-8.238,59.545,570.435663
21 Mar 2024 10:52:55.000,3474.085058,5929.368320,-1024.661947,-8.532,59.633,570.467125
21 Mar 2024 10:53:00.000,3462.217649,5930.143474,-1059.742937,-8.826,59.722,570.499655
21 Mar 2024 10:53:05.000,3450.248509,5930.752263,-1094.792490,-9.121,59.811,570.533248
21 Mar 2024 10:53:10.000,3438.177868,5931.194742,-1129.809566,-9.415,59.900,570.567902
21 Mar 2024 10:53:15.000,3426.005961,5931.470973,-1164.793126,-9.709,59.989,570.603611
21 Mar 2024 10:53:20.000,3413.733025,5931.581022,-1199.742132,-10.003,60.079,570.640371
21 Mar 2024 10:53:25.000,3401.359301,5931.524960,-1234.655548,-10.298,60.168,570.678179
21 Mar 2024 10:53:30.000,3388.885032,5931.302863,-1269.532338,-10.592,60.258,570.717029
21 Mar 2024 10:53:35.000,3376.310465,5930.914811,-1304.371467,-10.886,60.348,570.756917
21 Mar 2024 10:53:40.000,3363.635848,5930.360888,-1339.171902,-11.180,60.439,570.797837
21 Mar 2024 10:53:45.000,3350.861436,5929.641186,-1373.932611,-11.474,60.529,570.839786
21 Mar 2024 10:53:50.000,3337.987482,5928.755797,-1408.652562,-11.767,60.620,570.882758
21 Mar 2024 10:53:55.000,3325.014246,5927.704822,-1443.330725,-12.061,60.711,570.926748
21 Mar 2024 10:54:00.000,3311.941989,5926.488363,-1477.966072,-12.355,60.802,570.971750
21 Mar 2024 10:54:05.000,3298.770976,5925.106531,-1512.557575,-12.649,60.893,571.017760
21 Mar 2024 10:54:10.000,3285.501475,5923.559437,-1547.104208,-12.942,60.985,571.064772
21 Mar 2024 10:54:15.000,3272.133755,5921.847200,-1581.604946,-13.236,61.077,571.112779
21 Mar 2024 10:54:20.000,3258.668090,5919.969942,-1616.058766,-13.530,61.169,571.161777
21 Mar 2024 10:54:25.000,3245.104758,5917.927791,-1650.464645,-13.823,61.262,571.211759
21 Mar 2024 10:54:30.000,3231.444036,5915.720878,-1684.821563,-14.117,61.355,571.262720
21 Mar 2024 10:54:35.000,3217.686209,5913.349341,-1719.128502,-14.410,61.448,571.314653
21 Mar 2024 10:54:40.000,3203.831560,5910.813320,-1753.384442,-14.703,61.541,571.367552
21 Mar 2024 10:54:45.000,3189.880379,5908.112961,-1787.588368,-14.997,61.635,571.421411
21 Mar 2024 10:54:50.000,3175.832958,5905.248415,-1821.739265,-15.290,61.729,571.476224
21 Mar 2024 10:54:55.000,3161.689589,5902.219837,-1855.836121,-15.583,61.823,571.531983
21 Mar 2024 10:55:00.000,3147.450571,5899.027387,-1889.877923,-15.876,61.918,571.588682
21 Mar 2024 10:55:05.000,3133.116204,5895.671229,-1923.863662,-16.169,62.013,571.646314
21 Mar 2024 10:55:10.000,3118.686791,5892.151531,-1957.792329,-16.462,62.108,571.704873
21 Mar 2024 10:55:15.000,3104.162637,5888.468469,-1991.662919,-16.755,62.204,571.764352
21 Mar 2024 10:55:20.000,3089.544053,5884.622220,-2025.474426,-17.047,62.300,571.824742
21 Mar 2024 10:55:25.000,3074.831349,5880.612966,-2059.225847,-17.340,62.396,571.886037
21 Mar 2024 10:55:30.000,3060.024841,5876.440896,-2092.916181,-17.633,62.493,571.948230
21 Mar 2024 10:55:35.000,3045.124847,5872.106200,-2126.544429,-17.925,62.590,572.011314
21 Mar 2024 10:55:40.000,3030.131686,5867.609077,-2160.109593,-18.217,62.687,572.075280
21 Mar 2024 10:55:45.000,3015.045684,5862.949726,-2193.610678,-18.510,62.785,572.140121
21 Mar 2024 10:55:50.000,2999.867165,5858.128354,-2227.046689,-18.802,62.884,572.205829
21 Mar 2024 10:55:55.000,2984.596460,5853.145170,-2260.416634,-19.094,62.982,572.272396
21 Mar 2024 10:56:00.000,2969.233900,5848.000390,-2293.719525,-19.386,63.082,572.339815
21 Mar 2024 10:56:05.000,2953.779821,5842.694232,-2326.954372,-19.678,63.181,572.408077
21 Mar 2024 10:56:10.000,2938.234561,5837.226921,-2360.120190,-19.970,63.281,572.477175
21 Mar 2024 10:56:15.000,2922.598460,5831.598684,-2393.215995,-20.262,63.382,572.547099
21 Mar 2024 10:56:20.000,2906.871862,5825.809755,-2426.240806,-20.554,63.482,572.617841
21 Mar 2024 10:56:25.000,2891.055114,5819.860371,-2459.193642,-20.845,63.584,572.689394
21 Mar 2024 10:56:30.000,2875.148564,5813.750773,-2492.073526,-21.137,63.686,572.761748
21 Mar 2024 10:56:35.000,2859.152566,5807.481207,-2524.879482,-21.428,63.788,572.834895
21 Mar 2024 10:56:40.000,2843.067474,5801.051926,-2557.610539,-21.720,63.891,572.908826
21 Mar 2024 10:56:45.000,2826.893645,5794.463183,-2590.265723,-22.011,63.994,572.983533
21 Mar 2024 10:56:50.000,2810.631441,5787.715238,-2622.844068,-22.302,64.098,573.059005
21 Mar 2024 10:56:55.000,2794.281224,5780.808355,-2655.344606,-22.593,64.202,573.135235
21 Mar 2024 10:57:00.000,2777.843362,5773.742803,-2687.766373,-22.884,64.307,573.212213
21 Mar 2024 10:57:05.000,2761.318223,5766.518854,-2720.108407,-23.175,64.412,573.289930
21 Mar 2024 10:57:10.000,2744.706178,5759.136787,-2752.369750,-23.465,64.518,573.368376
21 Mar 2024 10:57:15.000,2728.007603,5751.596881,-2784.549443,-23.756,64.625,573.447543
21 Mar 2024 10:57:20.000,2711.222875,5743.899425,-2816.646533,-24.046,64.732,573.527420
21 Mar 2024 10:57:25.000,2694.352373,5736.044707,-2848.660067,-24.336,64.839,573.607999
21 Mar 2024 10:57:30.000,2677.396481,5728.033023,-2880.589095,-24.627,64.948,573.689270
21 Mar 2024 10:57:35.000,2660.355584,5719.864673,-2912.432671,-24.917,65.056,573.771222
21 Mar 2024 10:57:40.000,2643.230070,5711.539958,-2944.189850,-25.207,65.166,573.853846
21 Mar 2024 10:57:45.000,2626.020331,5703.059188,-2975.859689,-25.496,65.276,573.937133
21 Mar 2024 10:57:50.000,2608.726760,5694.422674,-3007.441249,-25.786,65.387,574.021071
21 Mar 2024 10:57:55.000,2591.349753,5685.630733,-3038.933594,-26.076,65.498,574.105653
21 Mar 2024 10:58:00.000,2573.889711,5676.683686,-3070.335789,-26.365,65.610,574.190866
21 Mar 2024 10:58:05.000,2556.347033,5667.581858,-3101.646902,-26.654,65.722,574.276701
21 Mar 2024 10:58:10.000,2538.722126,5658.325577,-3132.866005,-26.943,65.836,574.363148
21 Mar 2024 10:58:15.000,2521.015395,5648.915178,-3163.992171,-27.232,65.950,574.450196
21 Mar 2024 10:58:20.000,2503.227252,5639.350998,-3195.024478,-27.521,66.064,574.537835
21 Mar 2024 10:58:25.000,2485.358108,5629.633380,-3225.962004,-27.810,66.180,574.626055
21 Mar 2024 10:58:30.000,2467.408379,5619.762670,-3256.803832,-28.098,66.296,574.714845
21 Mar 2024 10:58:35.000,2449.378482,5609.739217,-3287.549047,-28.387,66.412,574.804194
21 Mar 2024 10:58:40.000,2431.268837,5599.563378,-3318.196737,-28.675,66.530,574.894092
21 Mar 2024 10:58:45.000,2413.079869,5589.235511,-3348.745993,-28.963,66.648,574.984528
21 Mar 2024 10:58:50.000,2394.812002,5578.755978,-3379.195908,-29.251,66.767,575.075491
21 Mar 2024 10:58:55.000,2376.465664,5568.125148,-3409.545579,-29.539,66.887,575.166970
21 Mar 2024 10:59:00.000,2358.041287,5557.343391,-3439.794106,-29.826,67.008,575.258955
21 Mar 2024 10:59:05.000,2339.539303,5546.411083,-3469.940592,-30.114,67.129,575.351434
21 Mar 2024 10:59:10.000,2320.960150,5535.328605,-3499.984142,-30.401,67.252,575.444397
21 Mar 2024 10:59:15.000,2302.304264,5524.096338,-3529.923865,-30.688,67.375,575.537832
21 Mar 2024 10:59:20.000,2283.572088,5512.714672,-3559.758873,-30.975,67.499,575.631729
21 Mar 2024 10:59:25.000,2264.764065,5501.183999,-3589.488280,-31.262,67.624,575.726075
21 Mar 2024 10:59:30.000,2245.880640,5489.504714,-3619.111206,-31.548,67.749,575.820860
21 Mar 2024 10:59:35.000,2226.922263,5477.677217,-3648.626770,-31.834,67.876,575.916073
21 Mar 2024 10:59:40.000,2207.889385,5465.701913,-3678.034098,-32.121,68.004,576.011701
21 Mar 2024 10:59:45.000,2188.782460,5453.579210,-3707.332317,-32.407,68.132,576.107735
21 Mar 2024 10:59:50.000,2169.601943,5441.309520,-3736.520558,-32.692,68.261,576.204162
21 Mar 2024 10:59:55.000,2150.348293,5428.893260,-3765.597956,-32.978,68.392,576.300970
21 Mar 2024 11:00:00.000,2131.021972,5416.330848,-3794.563646,-33.263,68.523,576.398149
21 Mar 2024 11:00:05.000,2111.623442,5403.622711,-3823.416772,-33.549,68.655,576.495686
21 Mar 2024 11:00:10.000,2092.153170,5390.769275,-3852.156475,-33.833,68.789,576.593571
21 Mar 2024 11:00:15.000,2072.611625,5377.770973,-3880.781904,-34.118,68.923,576.691791
21 Mar 2024 11:00:20.000,2052.999276,5364.628240,-3909.292210,-34.403,69.059,576.790334
21 Mar 2024 11:00:25.000,2033.316598,5351.341518,-3937.686547,-34.687,69.195,576.889190
21 Mar 2024 11:00:30.000,2013.564066,5337.911249,-3965.964073,-34.971,69.333,576.988346
21 Mar 2024 11:00:35.000,1993.742158,5324.337881,-3994.123948,-35.255,69.471,577.087790
21 Mar 2024 11:00:40.000,1973.851354,5310.621866,-4022.165337,-35.539,69.611,577.187511
21 Mar 2024 11:00:45.000,1953.892137,5296.763660,-4050.087409,-35.822,69.752,577.287496
21 Mar 2024 11:00:50.000,1933.864993,5282.763721,-4077.889335,-36.105,69.894,577.387735
21 Mar 2024 11:00:55.000,1913.770409,5268.622513,-4105.570291,-36.388,70.037,577.488214
21 Mar 2024 11:01:00.000,1893.608874,5254.340502,-4133.129454,-36.671,70.181,577.588922
21 Mar 2024 11:01:05.000,1873.380882,5239.918160,-4160.566009,-36.954,70.327,577.689847
21 Mar 2024 11:01:10.000,1853.086925,5225.355961,-4187.879140,-37.236,70.474,577.790977
21 Mar 2024 11:01:15.000,1832.727502,5210.654383,-4215.068038,-37.518,70.622,577.892300
21 Mar 2024 11:01:20.000,1812.303111,5195.813909,-4242.131897,-37.799,70.771,577.993804
21 Mar 2024 11:01:25.000,1791.814253,5180.835023,-4269.069912,-38.081,70.922,578.095477
21 Mar 2024 11:01:30.000,1771.261433,5165.718216,-4295.881285,-38.362,71.074,578.197306
21 Mar 2024 11:01:35.000,1750.645155,5150.463981,-4322.565221,-38.643,71.227,578.299280
21 Mar 2024 11:01:40.000,1729.965928,5135.072814,-4349.120928,-38.924,71.382,578.401387
21 Mar 2024 11:01:45.000,1709.224262,5119.545217,-4375.547619,-39.204,71.538,578.503614
21 Mar 2024 11:01:50.000,1688.420670,5103.881693,-4401.844509,-39.484,71.695,578.605949
21 Mar 2024 11:01:55.000,1667.555667,5088.082749,-4428.010818,-39.764,71.854,578.708380
21 Mar 2024 11:02:00.000,1646.629768,5072.148899,-4454.045770,-40.043,72.014,578.810895
21 Mar 2024 11:02:05.000,1625.643494,5056.080656,-4479.948593,-40.322,72.176,578.913482
21 Mar 2024 11:02:10.000,1604.597366,5039.878539,-4505.718519,-40.601,72.340,579.016129
21 Mar 2024 11:02:15.000,1583.491906,5023.543071,-4531.354782,-40.880,72.504,579.118822
21 Mar 2024 11:02:20.000,1562.327641,5007.074778,-4556.856623,-41.158,72.671,579.221551
21 Mar 2024 11:02:25.000,1541.105099,4990.474187,-4582.223285,-41.436,72.839,579.324303
21 Mar 2024 11:02:30.000,1519.824808,4973.741834,-4607.454015,-41.713,73.008,579.427066
21 Mar 2024 11:02:35.000,1498.487300,4956.878253,-4632.548065,-41.991,73.180,579.529827
21 Mar 2024 11:02:40.000,1477.093111,4939.883984,-4657.504690,-42.268,73.353,579.632575
21 Mar 2024 11:02:45.000,1455.642775,4922.759571,-4682.323150,-42.544,73.527,579.735297
21 Mar 2024 11:02:50.000,1434.136830,4905.505561,-4707.002710,-42.820,73.704,579.837981
21 Mar 2024 11:02:55.000,1412.575818,4888.122504,-4731.542636,-43.096,73.882,579.940615
21 Mar 2024 11:03:00.000,1390.960279,4870.610952,-4755.942201,-43.372,74.062,580.043186
21 Mar 2024 11:03:05.000,1369.290759,4852.971464,-4780.200681,-43.647,74.243,580.145683
21 Mar 2024 11:03:10.000,1347.567802,4835.204600,-4804.317357,-43.922,74.427,580.248094
21 Mar 2024 11:03:15.000,1325.791959,4817.310923,-4828.291512,-44.196,74.612,580.350405
21 Mar 2024 11:03:20.000,1303.963777,4799.290999,-4852.122437,-44.470,74.800,580.452606
21 Mar 2024 11:03:25.000,1282.083811,4781.145401,-4875.809423,-44.743,74.989,580.554684
21 Mar 2024 11:03:30.000,1260.152613,4762.874701,-4899.351768,-45.017,75.180,580.656626
21 Mar 2024 11:03:35.000,1238.170740,4744.479476,-4922.748774,-45.289,75.374,580.758422
21 Mar 2024 11:03:40.000,1216.138749,4725.960307,-4945.999746,-45.562,75.569,580.860058
21 Mar 2024 11:03:45.000,1194.057200,4707.317777,-4969.103996,-45.833,75.767,580.961522
21 Mar 2024 11:03:50.000,1171.926656,4688.552472,-4992.060837,-46.105,75.966,581.062804
21 Mar 2024 11:03:55.000,1149.747679,4669.664983,-5014.869589,-46.376,76.168,581.163890
21 Mar 2024 11:04:00.000,1127.520836,4650.655902,-5037.529575,-46.646,76.372,581.264769
21 Mar 2024 11:04:05.000,1105.246692,4631.525827,-5060.040122,-46.917,76.578,581.365429
21 Mar 2024 11:04:10.000,1082.925818,4612.275356,-5082.400563,-47.186,76.787,581.465858
21 Mar 2024 11:04:15.000,1060.558785,4592.905092,-5104.610235,-47.455,76.998,581.566043
21 Mar 2024 11:04:20.000,1038.146165,4573.415640,-5126.668479,-47.724,77.211,581.665974
21 Mar 2024 11:04:25.000,1015.688532,4553.807610,-5148.574640,-47.992,77.426,581.765638
21 Mar 2024 11:04:30.000,993.186464,4534.081614,-5170.328069,-48.260,77.645,581.865023
21 Mar 2024 11:04:35.000,970.640538,4514.238265,-5191.928120,-48.527,77.865,581.964119
21 Mar 2024 11:04:40.000,948.051333,4494.278183,-5213.374152,-48.794,78.088,582.062912
21 Mar 2024 11:04:45.000,925.419433,4474.201989,-5234.665530,-49.060,78.314,582.161392
21 Mar 2024 11:04:50.000,902.745419,4454.010305,-5255.801621,-49.325,78.542,582.259546
21 Mar 2024 11:04:55.000,880.029876,4433.703760,-5276.781799,-49.590,78.773,582.357364
21 Mar 2024 11:05:00.000,857.273393,4413.282982,-5297.605442,-49.855,79.007,582.454833
21 Mar 2024 11:05:05.000,834.476556,4392.748606,-5318.271931,-50.118,79.244,582.551942
21 Mar 2024 11:05:10.000,811.639956,4372.101267,-5338.780653,-50.382,79.483,582.648679
21 Mar 2024 11:05:15.000,788.764185,4351.341603,-5359.131001,-50.644,79.726,582.745034
21 Mar 2024 11:05:20.000,765.849835,4330.470256,-5379.322370,-50.906,79.971,582.840994
21 Mar 2024 11:05:25.000,742.897502,4309.487871,-5399.354161,-51.168,80.219,582.936549
21 Mar 2024 11:05:30.000,719.907782,4288.395095,-5419.225781,-51.428,80.470,583.031687
21 Mar 2024 11:05:35.000,696.881273,4267.192578,-5438.936639,-51.688,80.725,583.126396
21 Mar 2024 11:05:40.000,673.818576,4245.880972,-5458.486152,-51.948,80.982,583.220667
21 Mar 2024 11:05:45.000,650.720290,4224.460934,-5477.873738,-52.207,81.243,583.314487
21 Mar 2024 11:05:50.000,627.587019,4202.933122,-5497.098823,-52.465,81.507,583.407845
21 Mar 2024 11:05:55.000,604.419367,4181.298197,-5516.160837,-52.722,81.775,583.500731
21 Mar 2024 11:06:00.000,581.217939,4159.556824,-5535.059214,-52.979,82.046,583.593133
21 Mar 2024 11:06:05.000,557.983344,4137.709668,-5553.793394,-53.235,82.320,583.685040
21 Mar 2024 11:06:10.000,534.716189,4115.757399,-5572.362820,-53.490,82.598,583.776443
21 Mar 2024 11:06:15.000,511.417084,4093.700689,-5590.766942,-53.744,82.879,583.867329
21 Mar 2024 11:06:20.000,488.086643,4071.540213,-5609.005215,-53.998,83.164,583.957689
21 Mar 2024 11:06:25.000,464.725476,4049.276647,-5627.077096,-54.250,83.453,584.047511
21 Mar 2024 11:06:30.000,441.334199,4026.910671,-5644.982050,-54.502,83.746,584.136785
21 Mar 2024 11:06:35.000,417.913428,4004.442969,-5662.719545,-54.754,84.042,584.225500
21 Mar 2024 11:06:40.000,394.463779,3981.874224,-5680.289056,-55.004,84.342,584.313646
21 Mar 2024 11:06:45.000,370.985871,3959.205125,-5697.690061,-55.253,84.647,584.401213
21 Mar 2024 11:06:50.000,347.480325,3936.436361,-5714.922044,-55.502,84.955,584.488190
21 Mar 2024 11:06:55.000,323.947761,3913.568624,-5731.984495,-55.749,85.268,584.574567
21 Mar 2024 11:07:00.000,300.388801,3890.602609,-5748.876906,-55.996,85.585,584.660334
21 Mar 2024 11:07:05.000,276.804070,3867.539015,-5765.598776,-56.242,85.906,584.745481
21 Mar 2024 11:07:10.000,253.194193,3844.378540,-5782.149610,-56.487,86.232,584.829997
21 Mar 2024 11:07:15.000,229.559795,3821.121887,-5798.528917,-56.730,86.562,584.913872
21 Mar 2024 11:07:20.000,205.901505,3797.769760,-5814.736210,-56.973,86.897,584.997098
21 Mar 2024 11:07:25.000,182.219952,3774.322866,-5830.771009,-57.215,87.236,585.079664
21 Mar 2024 11:07:30.000,158.515764,3750.781915,-5846.632839,-57.455,87.580,585.161559
21 Mar 2024 11:07:35.000,134.789574,3727.147618,-5862.321228,-57.695,87.929,585.242776
21 Mar 2024 11:07:40.000,111.042014,3703.420688,-5877.835711,-57.934,88.283,585.323303
21 Mar 2024 11:07:45.000,87.273717,3679.601843,-5893.175828,-58.171,88.641,585.403132
21 Mar 2024 11:07:50.000,63.485317,3655.691800,-5908.341125,-58.407,89.005,585.482253
21 Mar 2024 11:07:55.000,39.677452,3631.691280,-5923.331150,-58.642,89.374,585.560657
21 Mar 2024 11:08:00.000,15.850757,3607.601006,-5938.145460,-58.876,89.748,585.638334
21 Mar 2024 11:08:05.000,-7.994129,3583.421702,-5952.783615,-59.109,90.128,585.715276
21 Mar 2024 11:08:10.000,-31.856568,3559.154096,-5967.245181,-59.340,90.513,585.791473
21 Mar 2024 11:08:15.000,-55.735919,3534.798918,-5981.529728,-59.570,90.903,585.866917
21 Mar 2024 11:08:20.000,-79.631541,3510.356898,-5995.636833,-59.799,91.300,585.941598
21 Mar 2024 11:08:25.000,-103.542793,3485.828770,-6009.566078,-60.026,91.701,586.015508
21 Mar 2024 11:08:30.000,-127.469030,3461.215270,-6023.317049,-60.252,92.109,586.088638
21 Mar 2024 11:08:35.000,-151.409610,3436.517134,-6036.889339,-60.477,92.523,586.160980
21 Mar 2024 11:08:40.000,-175.363886,3411.735104,-6050.282544,-60.700,92.942,586.232524
21 Mar 2024 11:08:45.000,-199.331212,3386.869920,-6063.496267,-60.921,93.368,586.303263
21 Mar 2024 11:08:50.000,-223.310943,3361.922327,-6076.530117,-61.142,93.800,586.373188
21 Mar 2024 11:08:55.000,-247.302429,3336.893069,-6089.383707,-61.360,94.239,586.442291
21 Mar 2024 11:09:00.000,-271.305022,3311.782894,-6102.056655,-61.577,94.683,586.510564
21 Mar 2024 11:09:05.000,-295.318073,3286.592551,-6114.548586,-61.793,95.135,586.577999
21 Mar 2024 11:09:10.000,-319.340931,3261.322793,-6126.859128,-62.006,95.592,586.644588
21 Mar 2024 11:09:15.000,-343.372944,3235.974372,-6138.987918,-62.219,96.057,586.710322
21 Mar 2024 11:09:20.000,-367.413461,3210.548043,-6150.934594,-62.429,96.528,586.775195
21 Mar 2024 11:09:25.000,-391.461828,3185.044563,-6162.698803,-62.637,97.007,586.839199
21 Mar 2024 11:09:30.000,-415.517391,3159.464691,-6174.280196,-62.844,97.492,586.902326
21 Mar 2024 11:09:35.000,-439.579497,3133.809186,-6185.678428,-63.049,97.985,586.964568
21 Mar 2024 11:09:40.000,-463.647490,3108.078812,-6196.893163,-63.252,98.485,587.025919
21 Mar 2024 11:09:45.000,-487.720713,3082.274333,-6207.924067,-63.453,98.992,587.086371
21 Mar 2024 11:09:50.000,-511.798510,3056.396512,-6218.770812,-63.652,99.506,587.145918
21 Mar 2024 11:09:55.000,-535.880224,3030.446119,-6229.433078,-63.849,100.028,587.204551
21 Mar 2024 11:10:00.000,-559.965196,3004.423922,-6239.910548,-64.044,100.558,587.262265