"Time (UTCG)","Satellite12107 - x (km)","Satellite12107 - y (km)","Satellite12107 - z (km)","Lat (deg)","Lon (deg)","Alt (km)"
21 Mar 2024 10:50:00.000,2958.097663,5144.752427,-3613.556206,-31.494,60.102,575.803027
21 Mar 2024 10:50:05.000,2937.766022,5135.560431,-3643.097258,-31.781,60.229,575.898177
21 Mar 2024 10:50:10.000,2917.340828,5126.231746,-3672.530238,-32.067,60.356,575.993746
21 Mar 2024 10:50:15.000,2896.822585,5116.766716,-3701.854273,-32.353,60.484,576.089721
21 Mar 2024 10:50:20.000,2876.211797,5107.165688,-3731.068493,-32.639,60.613,576.186093
21 Mar 2024 10:50:25.000,2855.508974,5097.429015,-3760.172031,-32.925,60.743,576.282849
21 Mar 2024 10:50:30.000,2834.714628,5087.557051,-3789.164023,-33.210,60.874,576.379977
21 Mar 2024 10:50:35.000,2813.829274,5077.550155,-3818.043611,-33.495,61.006,576.477467
21 Mar 2024 10:50:40.000,2792.853429,5067.408688,-3846.809936,-33.780,61.139,576.575306
21 Mar 2024 10:50:45.000,2771.787614,5057.133017,-3875.462146,-34.065,61.273,576.673483
21 Mar 2024 10:50:50.000,2750.632353,5046.723510,-3903.999391,-34.350,61.408,576.771986
21 Mar 2024 10:50:55.000,2729.388172,5036.180541,-3932.420824,-34.634,61.544,576.870804
21 Mar 2024 10:51:00.000,2708.055601,5025.504486,-3960.725602,-34.919,61.681,576.969924
21 Mar 2024 10:51:05.000,2686.635172,5014.695725,-3988.912885,-35.203,61.820,577.069335
21 Mar 2024 10:51:10.000,2665.127420,5003.754642,-4016.981838,-35.486,61.959,577.169025
21 Mar 2024 10:51:15.000,2643.532885,4992.681623,-4044.931627,-35.770,62.100,577.268982
21 Mar 2024 10:51:20.000,2621.852105,4981.477060,-4072.761424,-36.053,62.241,577.369195
21 Mar 2024 10:51:25.000,2600.085626,4970.141345,-4100.470402,-36.336,62.384,577.469651
21 Mar 2024 10:51:30.000,2578.233994,4958.674877,-4128.057740,-36.619,62.528,577.570339
21 Mar 2024 10:51:35.000,2556.297758,4947.078057,-4155.522620,-36.902,62.673,577.671245
21 Mar 2024 10:51:40.000,2534.277470,4935.351288,-4182.864227,-37.184,62.820,577.772360
21 Mar 2024 10:51:45.000,2512.173686,4923.494979,-4210.081749,-37.466,62.967,577.873669
21 Mar 2024 10:51:50.000,2489.986963,4911.509541,-4237.174379,-37.748,63.116,577.975163
21 Mar 2024 10:51:55.000,2467.717861,4899.395389,-4264.141314,-38.029,63.267,578.076827
21 Mar 2024 10:52:00.000,2445.366945,4887.152940,-4290.981754,-38.311,63.418,578.178651
21 Mar 2024 10:52:05.000,2422.934780,4874.782617,-4317.694902,-38.592,63.571,578.280621
21 Mar 2024 10:52:10.000,2400.421934,4862.284843,-4344.279966,-38.872,63.725,578.382727
21 Mar 2024 10:52:15.000,2377.828979,4849.660047,-4370.736157,-39.153,63.881,578.484956
21 Mar 2024 10:52:20.000,2355.156489,4836.908660,-4397.062690,-39.433,64.038,578.587295
21 Mar 2024 10:52:25.000,2332.405041,4824.031117,-4423.258785,-39.713,64.196,578.689733
21 Mar 2024 10:52:30.000,2309.575214,4811.027856,-4449.323665,-39.992,64.356,578.792257
21 Mar 2024 10:52:35.000,2286.667590,4797.899318,-4475.256555,-40.272,64.518,578.894856
21 Mar 2024 10:52:40.000,2263.682754,4784.645949,-4501.056688,-40.551,64.681,578.997516
21 Mar 2024 10:52:45.000,2240.621292,4771.268195,-4526.723297,-40.829,64.845,579.100227
21 Mar 2024 10:52:50.000,2217.483796,4757.766509,-4552.255621,-41.108,65.011,579.202975
21 Mar 2024 10:52:55.000,2194.270857,4744.141343,-4577.652902,-41.386,65.178,579.305748
21 Mar 2024 10:53:00.000,2170.983070,4730.393156,-4602.914388,-41.663,65.348,579.408535
21 Mar 2024 10:53:05.000,2147.621032,4716.522409,-4628.039329,-41.941,65.518,579.511323
21 Mar 2024 10:53:10.000,2124.185345,4702.529566,-4653.026980,-42.218,65.691,579.614100
21 Mar 2024 10:53:15.000,2100.676609,4688.415093,-4677.876599,-42.495,65.865,579.716853
21 Mar 2024 10:53:20.000,2077.095432,4674.179460,-4702.587449,-42.771,66.041,579.819571
21 Mar 2024 10:53:25.000,2053.442419,4659.823142,-4727.158797,-43.047,66.218,579.922241
21 Mar 2024 10:53:30.000,2029.718181,4645.346614,-4751.589914,-43.322,66.398,580.024852
21 Mar 2024 10:53:35.000,2005.923330,4630.750357,-4775.880076,-43.598,66.579,580.127390
21 Mar 2024 10:53:40.000,1982.058482,4616.034852,-4800.028561,-43.873,66.762,580.229844
21 Mar 2024 10:53:45.000,1958.124254,4601.200585,-4824.034655,-44.147,66.947,580.332202
21 Mar 2024 10:53:50.000,1934.121265,4586.248046,-4847.897643,-44.421,67.134,580.434451
21 Mar 2024 10:53:55.000,1910.050138,4571.177727,-4871.616819,-44.695,67.323,580.536580
21 Mar 2024 10:54:00.000,1885.911497,4555.990121,-4895.191479,-44.968,67.513,580.638576
21 Mar 2024 10:54:05.000,1861.705969,4540.685726,-4918.620924,-45.241,67.706,580.740427
21 Mar 2024 10:54:10.000,1837.434183,4525.265045,-4941.904458,-45.514,67.901,580.842122
21 Mar 2024 10:54:15.000,1813.096771,4509.728580,-4965.041390,-45.786,68.098,580.943647
21 Mar 2024 10:54:20.000,1788.694366,4494.076838,-4988.031036,-46.057,68.297,581.044992
21 Mar 2024 10:54:25.000,1764.227605,4478.310329,-5010.872711,-46.328,68.498,581.146143
21 Mar 2024 10:54:30.000,1739.697126,4462.429565,-5033.565740,-46.599,68.701,581.247090
21 Mar 2024 10:54:35.000,1715.103571,4446.435063,-5056.109448,-46.869,68.907,581.347820
21 Mar 2024 10:54:40.000,1690.447580,4430.327339,-5078.503167,-47.139,69.115,581.448321
21 Mar 2024 10:54:45.000,1665.729801,4414.106917,-5100.746232,-47.408,69.325,581.548582
21 Mar 2024 10:54:50.000,1640.950880,4397.774319,-5122.837985,-47.677,69.538,581.648590
21 Mar 2024 10:54:55.000,1616.111467,4381.330073,-5144.777769,-47.946,69.753,581.748334
21 Mar 2024 10:55:00.000,1591.212213,4364.774709,-5166.564933,-48.213,69.970,581.847801
21 Mar 2024 10:55:05.000,1566.253773,4348.108758,-5188.198832,-48.481,70.190,581.946981
21 Mar 2024 10:55:10.000,1541.236802,4331.332757,-5209.678823,-48.748,70.413,582.045860
21 Mar 2024 10:55:15.000,1516.161958,4314.447244,-5231.004269,-49.014,70.638,582.144429
21 Mar 2024 10:55:20.000,1491.029902,4297.452759,-5252.174538,-49.279,70.865,582.242674
21 Mar 2024 10:55:25.000,1465.841297,4280.349847,-5273.189002,-49.545,71.096,582.340585
21 Mar 2024 10:55:30.000,1440.596805,4263.139053,-5294.047037,-49.809,71.329,582.438150
21 Mar 2024 10:55:35.000,1415.297095,4245.820926,-5314.748025,-50.073,71.565,582.535357
21 Mar 2024 10:55:40.000,1389.942834,4228.396019,-5335.291351,-50.337,71.803,582.632195
21 Mar 2024 10:55:45.000,1364.534693,4210.864885,-5355.676405,-50.600,72.045,582.728652
21 Mar 2024 10:55:50.000,1339.073345,4193.228082,-5375.902585,-50.862,72.290,582.824716
21 Mar 2024 10:55:55.000,1313.559463,4175.486169,-5395.969288,-51.123,72.537,582.920378
21 Mar 2024 10:56:00.000,1287.993725,4157.639709,-5415.875921,-51.384,72.788,583.015625
21 Mar 2024 10:56:05.000,1262.376809,4139.689266,-5435.621891,-51.645,73.041,583.110445
21 Mar 2024 10:56:10.000,1236.709394,4121.635407,-5455.206615,-51.904,73.298,583.204829
21 Mar 2024 10:56:15.000,1210.992164,4103.478704,-5474.629510,-52.163,73.558,583.298764
21 Mar 2024 10:56:20.000,1185.225803,4085.219727,-5493.890001,-52.421,73.821,583.392240
21 Mar 2024 10:56:25.000,1159.410995,4066.859053,-5512.987516,-52.679,74.088,583.485246
21 Mar 2024 10:56:30.000,1133.548430,4048.397259,-5531.921489,-52.936,74.358,583.577769
21 Mar 2024 10:56:35.000,1107.638797,4029.834924,-5550.691358,-53.192,74.631,583.669801
21 Mar 2024 10:56:40.000,1081.682788,4011.172632,-5569.296566,-53.447,74.908,583.761329
21 Mar 2024 10:56:45.000,1055.681095,3992.410966,-5587.736561,-53.702,75.189,583.852344
21 Mar 2024 10:56:50.000,1029.634414,3973.550515,-5606.010796,-53.956,75.473,583.942833
21 Mar 2024 10:56:55.000,1003.543441,3954.591868,-5624.118730,-54.209,75.761,584.032787
21 Mar 2024 10:57:00.000,977.408876,3935.535618,-5642.059824,-54.461,76.053,584.122195
21 Mar 2024 10:57:05.000,951.231418,3916.382358,-5659.833547,-54.713,76.348,584.211047
21 Mar 2024 10:57:10.000,925.011770,3897.132686,-5677.439372,-54.963,76.648,584.299331
21 Mar 2024 10:57:15.000,898.750635,3877.787201,-5694.876776,-55.213,76.951,584.387038
21 Mar 2024 10:57:20.000,872.448718,3858.346504,-5712.145242,-55.462,77.259,584.474157
21 Mar 2024 10:57:25.000,846.106728,3838.811199,-5729.244257,-55.709,77.570,584.560678
21 Mar 2024 10:57:30.000,819.725371,3819.181892,-5746.173315,-55.956,77.886,584.646591
21 Mar 2024 10:57:35.000,793.305359,3799.459191,-5762.931913,-56.202,78.206,584.731885
21 Mar 2024 10:57:40.000,766.847403,3779.643707,-5779.519554,-56.448,78.531,584.816551
21 Mar 2024 10:57:45.000,740.352216,3759.736053,-5795.935746,-56.692,78.860,584.900578
21 Mar 2024 10:57:50.000,713.820514,3739.736844,-5812.180003,-56.935,79.194,584.983956
21 Mar 2024 10:57:55.000,687.253014,3719.646696,-5828.251841,-57.177,79.532,585.066677
21 Mar 2024 10:58:00.000,660.650432,3699.466230,-5844.150785,-57.418,79.875,585.148730
21 Mar 2024 10:58:05.000,634.013489,3679.196065,-5859.876362,-57.658,80.223,585.230105
21 Mar 2024 10:58:10.000,607.342905,3658.836827,-5875.428107,-57.896,80.575,585.310793
21 Mar 2024 10:58:15.000,580.639404,3638.389141,-5890.805557,-58.134,80.933,585.390784
21 Mar 2024 10:58:20.000,553.903708,3617.853634,-5906.008257,-58.371,81.295,585.470069
21 Mar 2024 10:58:25.000,527.136543,3597.230936,-5921.035756,-58.606,81.663,585.548638
21 Mar 2024 10:58:30.000,500.338635,3576.521679,-5935.887608,-58.840,82.036,585.626483
21 Mar 2024 10:58:35.000,473.510714,3555.726497,-5950.563373,-59.073,82.415,585.703594
21 Mar 2024 10:58:40.000,446.653507,3534.846026,-5965.062614,-59.305,82.798,585.779962
21 Mar 2024 10:58:45.000,419.767746,3513.880903,-5979.384902,-59.535,83.188,585.855578
21 Mar 2024 10:58:50.000,392.854163,3492.831769,-5993.529812,-59.764,83.583,585.930433
21 Mar 2024 10:58:55.000,365.913491,3471.699265,-6007.496925,-59.992,83.983,586.004519
21 Mar 2024 10:59:00.000,338.946464,3450.484035,-6021.285825,-60.219,84.390,586.077826
21 Mar 2024 10:59:05.000,311.953819,3429.186724,-6034.896105,-60.444,84.802,586.150346
21 Mar 2024 10:59:10.000,284.936292,3407.807980,-6048.327360,-60.667,85.220,586.222070
21 Mar 2024 10:59:15.000,257.894622,3386.348452,-6061.579192,-60.889,85.645,586.292991
21 Mar 2024 10:59:20.000,230.829548,3364.808791,-6074.651207,-61.110,86.076,586.363099
21 Mar 2024 10:59:25.000,203.741811,3343.189651,-6087.543019,-61.329,86.513,586.432387
21 Mar 2024 10:59:30.000,176.632153,3321.491685,-6100.254244,-61.546,86.956,586.500846
21 Mar 2024 10:59:35.000,149.501316,3299.715552,-6112.784505,-61.762,87.406,586.568468
21 Mar 2024 10:59:40.000,122.350045,3277.861908,-6125.133431,-61.976,87.862,586.635245
21 Mar 2024 10:59:45.000,95.179084,3255.931414,-6137.300656,-62.189,88.326,586.701170
21 Mar 2024 10:59:50.000,67.989180,3233.924732,-6149.285818,-62.400,88.796,586.766235
21 Mar 2024 10:59:55.000,40.781080,3211.842526,-6161.088562,-62.609,89.273,586.830431
21 Mar 2024 11:00:00.000,13.555533,3189.685460,-6172.708537,-62.816,89.757,586.893752
21 Mar 2024 11:00:05.000,-13.686713,3167.454201,-6184.145400,-63.021,90.248,586.956190
21 Mar 2024 11:00:10.000,-40.944908,3145.149418,-6195.398811,-63.225,90.746,587.017738
21 Mar 2024 11:00:15.000,-68.218299,3122.771781,-6206.468435,-63.427,91.251,587.078388
21 Mar 2024 11:00:20.000,-95.506135,3100.321962,-6217.353945,-63.626,91.764,587.138134
21 Mar 2024 11:00:25.000,-122.807664,3077.800633,-6228.055018,-63.824,92.285,587.196967
21 Mar 2024 11:00:30.000,-150.122130,3055.208471,-6238.571336,-64.019,92.813,587.254883
21 Mar 2024 11:00:35.000,-177.448779,3032.546150,-6248.902588,-64.213,93.349,587.311872
21 Mar 2024 11:00:40.000,-204.786856,3009.814349,-6259.048466,-64.404,93.892,587.367930
21 Mar 2024 11:00:45.000,-232.135603,2987.013748,-6269.008670,-64.593,94.444,587.423049
21 Mar 2024 11:00:50.000,-259.494264,2964.145027,-6278.782904,-64.780,95.003,587.477223
21 Mar 2024 11:00:55.000,-286.862081,2941.208869,-6288.370879,-64.965,95.571,587.530445
21 Mar 2024 11:01:00.000,-314.238294,2918.205957,-6297.772309,-65.147,96.146,587.582710
21 Mar 2024 11:01:05.000,-341.622144,2895.136976,-6306.986917,-65.327,96.730,587.634010
21 Mar 2024 11:01:10.000,-369.012870,2872.002613,-6316.014429,-65.504,97.322,587.684341
21 Mar 2024 11:01:15.000,-396.409712,2848.803557,-6324.854576,-65.679,97.922,587.733695
21 Mar 2024 11:01:20.000,-423.811907,2825.540495,-6333.507097,-65.851,98.530,587.782068
21 Mar 2024 11:01:25.000,-451.218693,2802.214120,-6341.971735,-66.021,99.147,587.829454
21 Mar 2024 11:01:30.000,-478.629308,2778.825122,-6350.248239,-66.187,99.773,587.875847
21 Mar 2024 11:01:35.000,-506.042987,2755.374195,-6358.336364,-66.352,100.407,587.921241
21 Mar 2024 11:01:40.000,-533.458966,2731.862034,-6366.235868,-66.513,101.049,587.965632
21 Mar 2024 11:01:45.000,-560.876480,2708.289334,-6373.946519,-66.672,101.700,588.009014
21 Mar 2024 11:01:50.000,-588.294764,2684.656792,-6381.468088,-66.827,102.360,588.051382
21 Mar 2024 11:01:55.000,-615.713052,2660.965106,-6388.800350,-66.980,103.028,588.092731
21 Mar 2024 11:02:00.000,-643.130577,2637.214976,-6395.943089,-67.130,103.705,588.133056
21 Mar 2024 11:02:05.000,-670.546572,2613.407102,-6402.896094,-67.276,104.390,588.172353
21 Mar 2024 11:02:10.000,-697.960270,2589.542186,-6409.659156,-67.420,105.084,588.210616
21 Mar 2024 11:02:15.000,-725.370903,2565.620930,-6416.232077,-67.560,105.787,588.247842
21 Mar 2024 11:02:20.000,-752.777703,2541.644039,-6422.614661,-67.697,106.498,588.284026
21 Mar 2024 11:02:25.000,-780.179901,2517.612217,-6428.806718,-67.830,107.218,588.319163
21 Mar 2024 11:02:30.000,-807.576727,2493.526171,-6434.808065,-67.961,107.946,588.353250
21 Mar 2024 11:02:35.000,-834.967413,2469.386607,-6440.618524,-68.087,108.682,588.386283
21 Mar 2024 11:02:40.000,-862.351188,2445.194233,-6446.237923,-68.211,109.426,588.418258
21 Mar 2024 11:02:45.000,-889.727283,2420.949759,-6451.666095,-68.330,110.179,588.449170
21 Mar 2024 11:02:50.000,-917.094926,2396.653895,-6456.902878,-68.447,110.940,588.479017
21 Mar 2024 11:02:55.000,-944.453348,2372.307351,-6461.948118,-68.559,111.708,588.507795
21 Mar 2024 11:03:00.000,-971.801777,2347.910839,-6466.801665,-68.668,112.485,588.535500
21 Mar 2024 11:03:05.000,-999.139442,2323.465072,-6471.463374,-68.773,113.269,588.562129
21 Mar 2024 11:03:10.000,-1026.465572,2298.970765,-6475.933108,-68.874,114.060,588.587680
21 Mar 2024 11:03:15.000,-1053.779396,2274.428630,-6480.210734,-68.971,114.859,588.612148
21 Mar 2024 11:03:20.000,-1081.080140,2249.839385,-6484.296125,-69.064,115.665,588.635532
21 Mar 2024 11:03:25.000,-1108.367035,2225.203745,-6488.189160,-69.153,116.478,588.657828
21 Mar 2024 11:03:30.000,-1135.639307,2200.522427,-6491.889724,-69.238,117.297,588.679035
21 Mar 2024 11:03:35.000,-1162.896185,2175.796149,-6495.397706,-69.319,118.123,588.699148
21 Mar 2024 11:03:40.000,-1190.136896,2151.025629,-6498.713002,-69.396,118.955,588.718167
21 Mar 2024 11:03:45.000,-1217.360668,2126.211587,-6501.835515,-69.468,119.793,588.736088
21 Mar 2024 11:03:50.000,-1244.566729,2101.354744,-6504.765151,-69.537,120.637,588.752911
21 Mar 2024 11:03:55.000,-1271.754307,2076.455818,-6507.501824,-69.601,121.486,588.768632
21 Mar 2024 11:04:00.000,-1298.922630,2051.515533,-6510.045452,-69.660,122.340,588.783249
21 Mar 2024 11:04:05.000,-1326.070925,2026.534610,-6512.395960,-69.716,123.199,588.796762
21 Mar 2024 11:04:10.000,-1353.198420,2001.513772,-6514.553279,-69.766,124.062,588.809169
21 Mar 2024 11:04:15.000,-1380.304344,1976.453742,-6516.517344,-69.813,124.929,588.820468
21 Mar 2024 11:04:20.000,-1407.387924,1951.355244,-6518.288097,-69.855,125.801,588.830657
21 Mar 2024 11:04:25.000,-1434.448388,1926.219003,-6519.865485,-69.892,126.675,588.839736
21 Mar 2024 11:04:30.000,-1461.484965,1901.045743,-6521.249462,-69.925,127.552,588.847704
21 Mar 2024 11:04:35.000,-1488.496884,1875.836190,-6522.439987,-69.953,128.432,588.854559
21 Mar 2024 11:04:40.000,-1515.483373,1850.591070,-6523.437024,-69.977,129.315,588.860301
21 Mar 2024 11:04:45.000,-1542.443661,1825.311110,-6524.240544,-69.996,130.199,588.864929
21 Mar 2024 11:04:50.000,-1569.376977,1799.997036,-6524.850523,-70.011,131.084,588.868443
21 Mar 2024 11:04:55.000,-1596.282551,1774.649577,-6525.266942,-70.021,131.971,588.870842
21 Mar 2024 11:05:00.000,-1623.159612,1749.269459,-6525.489790,-70.026,132.858,588.872126
21 Mar 2024 11:05:05.000,-1650.007390,1723.857412,-6525.519060,-70.027,133.746,588.872295
21 Mar 2024 11:05:10.000,-1676.825117,1698.414163,-6525.354751,-70.023,134.634,588.871348
21 Mar 2024 11:05:15.000,-1703.612021,1672.940442,-6524.996868,-70.014,135.520,588.869286
21 Mar 2024 11:05:20.000,-1730.367336,1647.436979,-6524.445421,-70.001,136.406,588.866109
21 Mar 2024 11:05:25.000,-1757.090291,1621.904502,-6523.700427,-69.983,137.291,588.861818
21 Mar 2024 11:05:30.000,-1783.780120,1596.343742,-6522.761908,-69.961,138.174,588.856413
21 Mar 2024 11:05:35.000,-1810.436054,1570.755429,-6521.629892,-69.934,139.055,588.849894
21 Mar 2024 11:05:40.000,-1837.057326,1545.140293,-6520.304412,-69.903,139.933,588.842263
21 Mar 2024 11:05:45.000,-1863.643169,1519.499065,-6518.785508,-69.867,140.808,588.833520
21 Mar 2024 11:05:50.000,-1890.192818,1493.832476,-6517.073225,-69.826,141.680,588.823666
21 Mar 2024 11:05:55.000,-1916.705506,1468.141258,-6515.167613,-69.781,142.549,588.812703
21 Mar 2024 11:06:00.000,-1943.180469,1442.426140,-6513.068729,-69.731,143.413,588.800631
21 Mar 2024 11:06:05.000,-1969.616942,1416.687855,-6510.776635,-69.677,144.274,588.787452
21 Mar 2024 11:06:10.000,-1996.014161,1390.927134,-6508.291400,-69.619,145.129,588.773168
21 Mar 2024 11:06:15.000,-2022.371362,1365.144709,-6505.613097,-69.556,145.980,588.757781
21 Mar 2024 11:06:20.000,-2048.687784,1339.341312,-6502.741805,-69.489,146.825,588.741292
21 Mar 2024 11:06:25.000,-2074.962664,1313.517674,-6499.677610,-69.418,147.665,588.723702
21 Mar 2024 11:06:30.000,-2101.195240,1287.674526,-6496.420603,-69.343,148.499,588.705015
21 Mar 2024 11:06:35.000,-2127.384753,1261.812602,-6492.970880,-69.263,149.327,588.685233
21 Mar 2024 11:06:40.000,-2153.530442,1235.932632,-6489.328543,-69.179,150.148,588.664356
21 Mar 2024 11:06:45.000,-2179.631548,1210.035348,-6485.493701,-69.091,150.963,588.642389
21 Mar 2024 11:06:50.000,-2205.687313,1184.121483,-6481.466467,-68.999,151.771,588.619334
21 Mar 2024 11:06:55.000,-2231.696979,1158.191767,-6477.246961,-68.903,152.572,588.595193
21 Mar 2024 11:07:00.000,-2257.659791,1132.246933,-6472.835308,-68.804,153.366,588.569970
21 Mar 2024 11:07:05.000,-2283.574991,1106.287712,-6468.231639,-68.700,154.152,588.543666
21 Mar 2024 11:07:10.000,-2309.441824,1080.314835,-6463.436090,-68.592,154.931,588.516286
21 Mar 2024 11:07:15.000,-2335.259538,1054.329033,-6458.448804,-68.481,155.702,588.487832
21 Mar 2024 11:07:20.000,-2361.027378,1028.331037,-6453.269928,-68.366,156.465,588.458309
21 Mar 2024 11:07:25.000,-2386.744593,1002.321579,-6447.899617,-68.247,157.220,588.427718
21 Mar 2024 11:07:30.000,-2412.410430,976.301388,-6442.338030,-68.125,157.967,588.396064
21 Mar 2024 11:07:35.000,-2438.024140,950.271196,-6436.585330,-67.999,158.706,588.363351
21 Mar 2024 11:07:40.000,-2463.584974,924.231732,-6430.641691,-67.870,159.436,588.329582
21 Mar 2024 11:07:45.000,-2489.092183,898.183726,-6424.507286,-67.738,160.158,588.294762
21 Mar 2024 11:07:50.000,-2514.545020,872.127908,-6418.182299,-67.602,160.872,588.258894
21 Mar 2024 11:07:55.000,-2539.942739,846.065006,-6411.666917,-67.462,161.577,588.221983
21 Mar 2024 11:08:00.000,-2565.284594,819.995751,-6404.961334,-67.320,162.273,588.184033
21 Mar 2024 11:08:05.000,-2590.569842,793.920870,-6398.065748,-67.174,162.961,588.145048
21 Mar 2024 11:08:10.000,-2615.797740,767.841091,-6390.980364,-67.026,163.641,588.105034
21 Mar 2024 11:08:15.000,-2640.967547,741.757143,-6383.705392,-66.874,164.312,588.063994
21 Mar 2024 11:08:20.000,-2666.078521,715.669752,-6376.241048,-66.719,164.974,588.021934
21 Mar 2024 11:08:25.000,-2691.129924,689.579645,-6368.587553,-66.561,165.628,587.978858
21 Mar 2024 11:08:30.000,-2716.121017,663.487550,-6360.745134,-66.401,166.273,587.934772
21 Mar 2024 11:08:35.000,-2741.051065,637.394191,-6352.714025,-66.237,166.909,587.889680
21 Mar 2024 11:08:40.000,-2765.919330,611.300295,-6344.494462,-66.071,167.537,587.843589
21 Mar 2024 11:08:45.000,-2790.725079,585.206585,-6336.086691,-65.902,168.157,587.796503
21 Mar 2024 11:08:50.000,-2815.467580,559.113788,-6327.490960,-65.731,168.768,587.748428
21 Mar 2024 11:08:55.000,-2840.146100,533.022625,-6318.707525,-65.557,169.371,587.699369
21 Mar 2024 11:09:00.000,-2864.759909,506.933822,-6309.736646,-65.380,169.965,587.649333
21 Mar 2024 11:09:05.000,-2889.308278,480.848099,-6300.578588,-65.201,170.551,587.598325
21 Mar 2024 11:09:10.000,-2913.790481,454.766180,-6291.233625,-65.020,171.129,587.546352
21 Mar 2024 11:09:15.000,-2938.205790,428.688785,-6281.702033,-64.836,171.699,587.493418
21 Mar 2024 11:09:20.000,-2962.553482,402.616636,-6271.984094,-64.650,172.261,587.439532
21 Mar 2024 11:09:25.000,-2986.832833,376.550451,-6262.080098,-64.462,172.815,587.384698
21 Mar 2024 11:09:30.000,-3011.043122,350.490952,-6251.990338,-64.271,173.361,587.328923
21 Mar 2024 11:09:35.000,-3035.183628,324.438855,-6241.715112,-64.078,173.899,587.272215
21 Mar 2024 11:09:40.000,-3059.253633,298.394879,-6231.254727,-63.883,174.429,587.214579
21 Mar 2024 11:09:45.000,-3083.252421,272.359741,-6220.609492,-63.686,174.952,587.156022
21 Mar 2024 11:09:50.000,-3107.179274,246.334157,-6209.779723,-63.487,175.467,587.096551
21 Mar 2024 11:09:55.000,-3131.033481,220.318843,-6198.765742,-63.286,175.975,587.036174
21 Mar 2024 11:10:00.000,-3154.814328,194.314513,-6187.567874,-63.083,176.475,586.974897