"Time (UTCG)","Satellite11619 - x (km)","Satellite11619 - y (km)","Satellite11619 - z (km)","Lat (deg)","Lon (deg)","Alt (km)"
21 Mar 2024 10:50:00.000,-2803.367576,-2053.932304,6016.568797,60.141,-143.771,586.052729
21 Mar 2024 10:50:05.000,-2769.498765,-2059.584533,6030.306453,60.368,-143.363,586.125873
21 Mar 2024 10:50:10.000,-2735.552308,-2065.200841,6043.865222,60.593,-142.949,586.198224
21 Mar 2024 10:50:15.000,-2701.529183,-2070.781120,6057.244703,60.816,-142.529,586.269777
21 Mar 2024 10:50:20.000,-2667.430366,-2076.325262,6070.444499,61.039,-142.103,586.340521
21 Mar 2024 10:50:25.000,-2633.256839,-2081.833156,6083.464219,61.259,-141.670,586.410449
21 Mar 2024 10:50:30.000,-2599.009584,-2087.304697,6096.303475,61.479,-141.232,586.479553
21 Mar 2024 10:50:35.000,-2564.689585,-2092.739774,6108.961887,61.696,-140.786,586.547824
21 Mar 2024 10:50:40.000,-2530.297830,-2098.138282,6121.439080,61.912,-140.334,586.615254
21 Mar 2024 10:50:45.000,-2495.835306,-2103.500113,6133.734684,62.126,-139.876,586.681836
21 Mar 2024 10:50:50.000,-2461.303005,-2108.825161,6145.848333,62.339,-139.410,586.747561
21 Mar 2024 10:50:55.000,-2426.701919,-2114.113318,6157.779669,62.550,-138.938,586.812422
21 Mar 2024 10:51:00.000,-2392.033042,-2119.364479,6169.528337,62.759,-138.459,586.876411
21 Mar 2024 10:51:05.000,-2357.297373,-2124.578539,6181.093989,62.967,-137.972,586.939520
21 Mar 2024 10:51:10.000,-2322.495908,-2129.755391,6192.476282,63.172,-137.479,587.001743
21 Mar 2024 10:51:15.000,-2287.629648,-2134.894932,6203.674878,63.376,-136.978,587.063072
21 Mar 2024 10:51:20.000,-2252.699595,-2139.997056,6214.689446,63.577,-136.470,587.123500
21 Mar 2024 10:51:25.000,-2217.706754,-2145.061660,6225.519657,63.777,-135.954,587.183019
21 Mar 2024 10:51:30.000,-2182.652129,-2150.088639,6236.165192,63.975,-135.431,587.241623
21 Mar 2024 10:51:35.000,-2147.536729,-2155.077890,6246.625734,64.170,-134.900,587.299305
21 Mar 2024 10:51:40.000,-2112.361563,-2160.029310,6256.900972,64.364,-134.361,587.356057
21 Mar 2024 10:51:45.000,-2077.127641,-2164.942796,6266.990603,64.555,-133.814,587.411874
21 Mar 2024 10:51:50.000,-2041.835977,-2169.818247,6276.894327,64.744,-133.259,587.466749
21 Mar 2024 10:51:55.000,-2006.487583,-2174.655559,6286.611850,64.931,-132.697,587.520675
21 Mar 2024 10:52:00.000,-1971.083477,-2179.454632,6296.142883,65.115,-132.126,587.573646
21 Mar 2024 10:52:05.000,-1935.624676,-2184.215365,6305.487144,65.297,-131.547,587.625655
21 Mar 2024 10:52:10.000,-1900.112197,-2188.937655,6314.644357,65.477,-130.960,587.676698
21 Mar 2024 10:52:15.000,-1864.547063,-2193.621404,6323.614248,65.654,-130.364,587.726767
21 Mar 2024 10:52:20.000,-1828.930294,-2198.266511,6332.396552,65.829,-129.760,587.775856
21 Mar 2024 10:52:25.000,-1793.262914,-2202.872877,6340.991010,66.001,-129.148,587.823961
21 Mar 2024 10:52:30.000,-1757.545948,-2207.440401,6349.397364,66.170,-128.527,587.871075
21 Mar 2024 10:52:35.000,-1721.780421,-2211.968986,6357.615367,66.337,-127.897,587.917193
21 Mar 2024 10:52:40.000,-1685.967363,-2216.458533,6365.644774,66.501,-127.259,587.962309
21 Mar 2024 10:52:45.000,-1650.107800,-2220.908944,6373.485348,66.662,-126.612,588.006418
21 Mar 2024 10:52:50.000,-1614.202764,-2225.320121,6381.136855,66.820,-125.956,588.049515
21 Mar 2024 10:52:55.000,-1578.253285,-2229.691967,6388.599069,66.976,-125.292,588.091595
21 Mar 2024 10:53:00.000,-1542.260398,-2234.024385,6395.871769,67.128,-124.619,588.132653
21 Mar 2024 10:53:05.000,-1506.225134,-2238.317279,6402.954738,67.277,-123.938,588.172684
21 Mar 2024 10:53:10.000,-1470.148530,-2242.570553,6409.847766,67.424,-123.247,588.211684
21 Mar 2024 10:53:15.000,-1434.031622,-2246.784110,6416.550650,67.567,-122.548,588.249647
21 Mar 2024 10:53:20.000,-1397.875446,-2250.957857,6423.063189,67.706,-121.841,588.286570
21 Mar 2024 10:53:25.000,-1361.681042,-2255.091697,6429.385192,67.843,-121.125,588.322448
21 Mar 2024 10:53:30.000,-1325.449449,-2259.185538,6435.516470,67.976,-120.400,588.357276
21 Mar 2024 10:53:35.000,-1289.181707,-2263.239284,6441.456842,68.106,-119.667,588.391051
21 Mar 2024 10:53:40.000,-1252.878857,-2267.252842,6447.206131,68.232,-118.925,588.423769
21 Mar 2024 10:53:45.000,-1216.541944,-2271.226119,6452.764166,68.355,-118.175,588.455427
21 Mar 2024 10:53:50.000,-1180.172008,-2275.159022,6458.130784,68.474,-117.417,588.486019
21 Mar 2024 10:53:55.000,-1143.770096,-2279.051460,6463.305825,68.589,-116.650,588.515543
21 Mar 2024 10:54:00.000,-1107.337252,-2282.903339,6468.289134,68.701,-115.876,588.543995
21 Mar 2024 10:54:05.000,-1070.874523,-2286.714570,6473.080565,68.809,-115.094,588.571372
21 Mar 2024 10:54:10.000,-1034.382954,-2290.485060,6477.679975,68.913,-114.304,588.597670
21 Mar 2024 10:54:15.000,-997.863594,-2294.214720,6482.087228,69.013,-113.507,588.622887
21 Mar 2024 10:54:20.000,-961.317491,-2297.903459,6486.302194,69.110,-112.702,588.647020
21 Mar 2024 10:54:25.000,-924.745695,-2301.551187,6490.324746,69.202,-111.890,588.670065
21 Mar 2024 10:54:30.000,-888.149254,-2305.157816,6494.154766,69.290,-111.071,588.692020
21 Mar 2024 10:54:35.000,-851.529220,-2308.723256,6497.792139,69.374,-110.246,588.712883
21 Mar 2024 10:54:40.000,-814.886644,-2312.247419,6501.236760,69.454,-109.414,588.732651
21 Mar 2024 10:54:45.000,-778.222577,-2315.730217,6504.488524,69.530,-108.575,588.751322
21 Mar 2024 10:54:50.000,-741.538071,-2319.171563,6507.547335,69.602,-107.731,588.768893
21 Mar 2024 10:54:55.000,-704.834180,-2322.571370,6510.413104,69.669,-106.882,588.785363
21 Mar 2024 10:55:00.000,-668.111956,-2325.929551,6513.085744,69.732,-106.026,588.800729
21 Mar 2024 10:55:05.000,-631.372455,-2329.246020,6515.565177,69.790,-105.166,588.814990
21 Mar 2024 10:55:10.000,-594.616728,-2332.520692,6517.851328,69.844,-104.301,588.828143
21 Mar 2024 10:55:15.000,-557.845833,-2335.753481,6519.944131,69.894,-103.432,588.840189
21 Mar 2024 10:55:20.000,-521.060822,-2338.944302,6521.843523,69.939,-102.559,588.851124
21 Mar 2024 10:55:25.000,-484.262753,-2342.093072,6523.549448,69.980,-101.682,588.860949
21 Mar 2024 10:55:30.000,-447.452680,-2345.199707,6525.061854,70.016,-100.802,588.869661
21 Mar 2024 10:55:35.000,-410.631660,-2348.264123,6526.380698,70.047,-99.919,588.877259
21 Mar 2024 10:55:40.000,-373.800749,-2351.286237,6527.505940,70.074,-99.033,588.883743
21 Mar 2024 10:55:45.000,-336.961003,-2354.265967,6528.437547,70.097,-98.145,588.889113
21 Mar 2024 10:55:50.000,-300.113479,-2357.203232,6529.175491,70.114,-97.256,588.893366
21 Mar 2024 10:55:55.000,-263.259234,-2360.097949,6529.719750,70.128,-96.365,588.896504
21 Mar 2024 10:56:00.000,-226.399325,-2362.950038,6530.070309,70.136,-95.473,588.898525
21 Mar 2024 10:56:05.000,-189.534810,-2365.759418,6530.227155,70.140,-94.581,588.899429
21 Mar 2024 10:56:10.000,-152.666744,-2368.526010,6530.190286,70.139,-93.688,588.899217
21 Mar 2024 10:56:15.000,-115.796187,-2371.249734,6529.959702,70.133,-92.796,588.897887
21 Mar 2024 10:56:20.000,-78.924194,-2373.930511,6529.535410,70.123,-91.904,588.895441
21 Mar 2024 10:56:25.000,-42.051823,-2376.568262,6528.917423,70.108,-91.014,588.891879
21 Mar 2024 10:56:30.000,-5.180132,-2379.162909,6528.105758,70.089,-90.125,588.887200
21 Mar 2024 10:56:35.000,31.689823,-2381.714376,6527.100440,70.065,-89.238,588.881407
21 Mar 2024 10:56:40.000,68.556984,-2384.222584,6525.901499,70.036,-88.353,588.874498
21 Mar 2024 10:56:45.000,105.420295,-2386.687458,6524.508971,70.003,-87.471,588.866476
21 Mar 2024 10:56:50.000,142.278699,-2389.108921,6522.922896,69.965,-86.592,588.857340
21 Mar 2024 10:56:55.000,179.131139,-2391.486898,6521.143322,69.923,-85.716,588.847093
21 Mar 2024 10:57:00.000,215.976559,-2393.821314,6519.170301,69.876,-84.845,588.835734
21 Mar 2024 10:57:05.000,252.813904,-2396.112095,6517.003892,69.824,-83.977,588.823267
21 Mar 2024 10:57:10.000,289.642117,-2398.359166,6514.644160,69.769,-83.114,588.809692
21 Mar 2024 10:57:15.000,326.460142,-2400.562454,6512.091173,69.708,-82.256,588.795010
21 Mar 2024 10:57:20.000,363.266926,-2402.721886,6509.345009,69.644,-81.403,588.779223
21 Mar 2024 10:57:25.000,400.061413,-2404.837390,6506.405748,69.575,-80.555,588.762334
21 Mar 2024 10:57:30.000,436.842549,-2406.908894,6503.273478,69.502,-79.713,588.744344
21 Mar 2024 10:57:35.000,473.609280,-2408.936326,6499.948292,69.424,-78.877,588.725256
21 Mar 2024 10:57:40.000,510.360553,-2410.919616,6496.430288,69.343,-78.048,588.705071
21 Mar 2024 10:57:45.000,547.095315,-2412.858693,6492.719570,69.257,-77.225,588.683792
21 Mar 2024 10:57:50.000,583.812514,-2414.753488,6488.816249,69.167,-76.408,588.661421
21 Mar 2024 10:57:55.000,620.511098,-2416.603931,6484.720440,69.074,-75.599,588.637962
21 Mar 2024 10:58:00.000,657.190016,-2418.409953,6480.432266,68.976,-74.797,588.613416
21 Mar 2024 10:58:05.000,693.848218,-2420.171487,6475.951852,68.874,-74.003,588.587787
21 Mar 2024 10:58:10.000,730.484653,-2421.888465,6471.279333,68.768,-73.216,588.561077
21 Mar 2024 10:58:15.000,767.098272,-2423.560820,6466.414846,68.659,-72.437,588.533291
21 Mar 2024 10:58:20.000,803.688028,-2425.188485,6461.358536,68.546,-71.665,588.504430
21 Mar 2024 10:58:25.000,840.252873,-2426.771394,6456.110554,68.429,-70.902,588.474500
21 Mar 2024 10:58:30.000,876.791759,-2428.309482,6450.671054,68.308,-70.147,588.443502
21 Mar 2024 10:58:35.000,913.303641,-2429.802684,6445.040197,68.184,-69.400,588.411440
21 Mar 2024 10:58:40.000,949.787473,-2431.250936,6439.218152,68.057,-68.662,588.378319
21 Mar 2024 10:58:45.000,986.242211,-2432.654173,6433.205091,67.926,-67.931,588.344143
21 Mar 2024 10:58:50.000,1022.666812,-2434.012334,6427.001192,67.791,-67.210,588.308914
21 Mar 2024 10:58:55.000,1059.060234,-2435.325354,6420.606639,67.654,-66.497,588.272638
21 Mar 2024 10:59:00.000,1095.421434,-2436.593173,6414.021622,67.513,-65.793,588.235319
21 Mar 2024 10:59:05.000,1131.749372,-2437.815728,6407.246336,67.368,-65.097,588.196961
21 Mar 2024 10:59:10.000,1168.043008,-2438.992959,6400.280982,67.221,-64.410,588.157568
21 Mar 2024 10:59:15.000,1204.301305,-2440.124805,6393.125767,67.070,-63.732,588.117145
21 Mar 2024 10:59:20.000,1240.523225,-2441.211207,6385.780903,66.917,-63.062,588.075698
21 Mar 2024 10:59:25.000,1276.707732,-2442.252105,6378.246608,66.760,-62.401,588.033230
21 Mar 2024 10:59:30.000,1312.853790,-2443.247441,6370.523106,66.601,-61.749,587.989747
21 Mar 2024 10:59:35.000,1348.960366,-2444.197157,6362.610625,66.439,-61.106,587.945254
21 Mar 2024 10:59:40.000,1385.026426,-2445.101195,6354.509400,66.274,-60.471,587.899756
21 Mar 2024 10:59:45.000,1421.050941,-2445.959499,6346.219672,66.106,-59.844,587.853258
21 Mar 2024 10:59:50.000,1457.032878,-2446.772013,6337.741686,65.936,-59.227,587.805766
21 Mar 2024 10:59:55.000,1492.971210,-2447.538680,6329.075695,65.763,-58.617,587.757286
21 Mar 2024 11:00:00.000,1528.864909,-2448.259445,6320.221954,65.587,-58.016,587.707823
21 Mar 2024 11:00:05.000,1564.712949,-2448.934255,6311.180727,65.409,-57.424,587.657383
21 Mar 2024 11:00:10.000,1600.514304,-2449.563056,6301.952282,65.228,-56.840,587.605972
21 Mar 2024 11:00:15.000,1636.267952,-2450.145793,6292.536893,65.045,-56.264,587.553595
21 Mar 2024 11:00:20.000,1671.972870,-2450.682415,6282.934839,64.860,-55.696,587.500260
21 Mar 2024 11:00:25.000,1707.628039,-2451.172870,6273.146405,64.672,-55.137,587.445972
21 Mar 2024 11:00:30.000,1743.232438,-2451.617106,6263.171880,64.482,-54.585,587.390738
21 Mar 2024 11:00:35.000,1778.785051,-2452.015072,6253.011562,64.290,-54.041,587.334564
21 Mar 2024 11:00:40.000,1814.284862,-2452.366719,6242.665752,64.096,-53.506,587.277457
21 Mar 2024 11:00:45.000,1849.730857,-2452.671996,6232.134755,63.900,-52.978,587.219424
21 Mar 2024 11:00:50.000,1885.122022,-2452.930855,6221.418886,63.701,-52.457,587.160471
21 Mar 2024 11:00:55.000,1920.457347,-2453.143248,6210.518461,63.501,-51.944,587.100605
21 Mar 2024 11:01:00.000,1955.735823,-2453.309126,6199.433804,63.298,-51.439,587.039833
21 Mar 2024 11:01:05.000,1990.956441,-2453.428444,6188.165244,63.094,-50.941,586.978163
21 Mar 2024 11:01:10.000,2026.118197,-2453.501153,6176.713116,62.888,-50.450,586.915602
21 Mar 2024 11:01:15.000,2061.220086,-2453.527210,6165.077758,62.680,-49.966,586.852156
21 Mar 2024 11:01:20.000,2096.261106,-2453.506568,6153.259516,62.470,-49.490,586.787835
21 Mar 2024 11:01:25.000,2131.240256,-2453.439184,6141.258740,62.258,-49.020,586.722644
21 Mar 2024 11:01:30.000,2166.156538,-2453.325013,6129.075787,62.045,-48.557,586.656592
21 Mar 2024 11:01:35.000,2201.008955,-2453.164012,6116.711018,61.830,-48.101,586.589686
21 Mar 2024 11:01:40.000,2235.796512,-2452.956139,6104.164800,61.614,-47.652,586.521935
21 Mar 2024 11:01:45.000,2270.518216,-2452.701352,6091.437505,61.395,-47.209,586.453346
21 Mar 2024 11:01:50.000,2305.173078,-2452.399610,6078.529510,61.176,-46.772,586.383928
21 Mar 2024 11:01:55.000,2339.760107,-2452.050871,6065.441199,60.954,-46.342,586.313688
21 Mar 2024 11:02:00.000,2374.278316,-2451.655097,6052.172959,60.731,-45.919,586.242635
21 Mar 2024 11:02:05.000,2408.726723,-2451.212248,6038.725185,60.507,-45.501,586.170777
21 Mar 2024 11:02:10.000,2443.104342,-2450.722286,6025.098275,60.281,-45.089,586.098123
21 Mar 2024 11:02:15.000,2477.410195,-2450.185172,6011.292633,60.054,-44.683,586.024681
21 Mar 2024 11:02:20.000,2511.643302,-2449.600870,5997.308669,59.826,-44.284,585.950460
21 Mar 2024 11:02:25.000,2545.802687,-2448.969342,5983.146798,59.596,-43.889,585.875469
21 Mar 2024 11:02:30.000,2579.887377,-2448.290554,5968.807440,59.365,-43.501,585.799716
21 Mar 2024 11:02:35.000,2613.896399,-2447.564469,5954.291020,59.133,-43.118,585.723210
21 Mar 2024 11:02:40.000,2647.828784,-2446.791054,5939.597969,58.899,-42.740,585.645961
21 Mar 2024 11:02:45.000,2681.683565,-2445.970275,5924.728723,58.664,-42.368,585.567977
21 Mar 2024 11:02:50.000,2715.459776,-2445.102098,5909.683723,58.428,-42.001,585.489267
21 Mar 2024 11:02:55.000,2749.156456,-2444.186492,5894.463414,58.191,-41.639,585.409842
21 Mar 2024 11:03:00.000,2782.772644,-2443.223423,5879.068250,57.953,-41.283,585.329709
21 Mar 2024 11:03:05.000,2816.307382,-2442.212863,5863.498685,57.713,-40.931,585.248880
21 Mar 2024 11:03:10.000,2849.759715,-2441.154779,5847.755183,57.473,-40.584,585.167362
21 Mar 2024 11:03:15.000,2883.128690,-2440.049143,5831.838210,57.231,-40.242,585.085167
21 Mar 2024 11:03:20.000,2916.413356,-2438.895925,5815.748239,56.988,-39.905,585.002302
21 Mar 2024 11:03:25.000,2949.612765,-2437.695097,5799.485746,56.745,-39.572,584.918780
21 Mar 2024 11:03:30.000,2982.725973,-2436.446633,5783.051214,56.500,-39.244,584.834608
21 Mar 2024 11:03:35.000,3015.752036,-2435.150505,5766.445131,56.254,-38.920,584.749797
21 Mar 2024 11:03:40.000,3048.690014,-2433.806686,5749.667989,56.008,-38.601,584.664357
21 Mar 2024 11:03:45.000,3081.538969,-2432.415152,5732.720286,55.760,-38.286,584.578298
21 Mar 2024 11:03:50.000,3114.297967,-2430.975879,5715.602525,55.512,-37.975,584.491630
21 Mar 2024 11:03:55.000,3146.966075,-2429.488841,5698.315213,55.262,-37.668,584.404364
21 Mar 2024 11:04:00.000,3179.542363,-2427.954017,5680.858863,55.012,-37.366,584.316510
21 Mar 2024 11:04:05.000,3212.025905,-2426.371383,5663.233994,54.761,-37.067,584.228077
21 Mar 2024 11:04:10.000,3244.415777,-2424.740917,5645.441127,54.509,-36.773,584.139077
21 Mar 2024 11:04:15.000,3276.711056,-2423.062600,5627.480792,54.256,-36.482,584.049521
21 Mar 2024 11:04:20.000,3308.910826,-2421.336410,5609.353519,54.002,-36.195,583.959417
21 Mar 2024 11:04:25.000,3341.014169,-2419.562329,5591.059848,53.748,-35.912,583.868778
21 Mar 2024 11:04:30.000,3373.020174,-2417.740337,5572.600321,53.493,-35.632,583.777614
21 Mar 2024 11:04:35.000,3404.927930,-2415.870416,5553.975486,53.237,-35.357,583.685935
21 Mar 2024 11:04:40.000,3436.736530,-2413.952549,5535.185895,52.980,-35.084,583.593753
21 Mar 2024 11:04:45.000,3468.445070,-2411.986720,5516.232105,52.723,-34.815,583.501078
21 Mar 2024 11:04:50.000,3500.052649,-2409.972912,5497.114678,52.465,-34.549,583.407922
21 Mar 2024 11:04:55.000,3531.558369,-2407.911112,5477.834183,52.206,-34.287,583.314295
21 Mar 2024 11:05:00.000,3562.961335,-2405.801304,5458.391190,51.947,-34.028,583.220208
21 Mar 2024 11:05:05.000,3594.260654,-2403.643475,5438.786277,51.686,-33.772,583.125673
21 Mar 2024 11:05:10.000,3625.455439,-2401.437613,5419.020025,51.426,-33.520,583.030700
21 Mar 2024 11:05:15.000,3656.544802,-2399.183705,5399.093020,51.164,-33.270,582.935301
21 Mar 2024 11:05:20.000,3687.527861,-2396.881740,5379.005854,50.902,-33.024,582.839487
21 Mar 2024 11:05:25.000,3718.403736,-2394.531708,5358.759122,50.639,-32.780,582.743270
21 Mar 2024 11:05:30.000,3749.171551,-2392.133599,5338.353425,50.376,-32.540,582.646660
21 Mar 2024 11:05:35.000,3779.830434,-2389.687405,5317.789369,50.112,-32.302,582.549670
21 Mar 2024 11:05:40.000,3810.379512,-2387.193117,5297.067563,49.848,-32.067,582.452310
21 Mar 2024 11:05:45.000,3840.817921,-2384.650728,5276.188622,49.583,-31.835,582.354593
21 Mar 2024 11:05:50.000,3871.144796,-2382.060231,5255.153165,49.317,-31.606,582.256529
21 Mar 2024 11:05:55.000,3901.359277,-2379.421622,5233.961817,49.051,-31.379,582.158131
21 Mar 2024 11:06:00.000,3931.460508,-2376.734894,5212.615207,48.784,-31.155,582.059409
21 Mar 2024 11:06:05.000,3961.447634,-2374.000044,5191.113966,48.517,-30.933,581.960376
21 Mar 2024 11:06:10.000,3991.319805,-2371.217068,5169.458734,48.249,-30.714,581.861044
21 Mar 2024 11:06:15.000,4021.076176,-2368.385964,5147.650152,47.981,-30.498,581.761423
21 Mar 2024 11:06:20.000,4050.715902,-2365.506730,5125.688867,47.712,-30.284,581.661527
21 Mar 2024 11:06:25.000,4080.238143,-2362.579365,5103.575532,47.443,-30.072,581.561366
21 Mar 2024 11:06:30.000,4109.642064,-2359.603869,5081.310801,47.173,-29.863,581.460953
21 Mar 2024 11:06:35.000,4138.926830,-2356.580243,5058.895336,46.903,-29.656,581.360299
21 Mar 2024 11:06:40.000,4168.091613,-2353.508488,5036.329802,46.632,-29.451,581.259417
21 Mar 2024 11:06:45.000,4197.135587,-2350.388606,5013.614867,46.361,-29.249,581.158318
21 Mar 2024 11:06:50.000,4226.057930,-2347.220602,4990.751205,46.089,-29.048,581.057014
21 Mar 2024 11:06:55.000,4254.857822,-2344.004477,4967.739496,45.817,-28.850,580.955517
21 Mar 2024 11:07:00.000,4283.534449,-2340.740238,4944.580421,45.545,-28.654,580.853840
21 Mar 2024 11:07:05.000,4312.086999,-2337.427890,4921.274667,45.272,-28.461,580.751994
21 Mar 2024 11:07:10.000,4340.514664,-2334.067438,4897.822926,44.999,-28.269,580.649991
21 Mar 2024 11:07:15.000,4368.816641,-2330.658892,4874.225894,44.725,-28.079,580.547844
21 Mar 2024 11:07:20.000,4396.992128,-2327.202258,4850.484270,44.451,-27.891,580.445565
21 Mar 2024 11:07:25.000,4425.040329,-2323.697545,4826.598759,44.176,-27.705,580.343165
21 Mar 2024 11:07:30.000,4452.960451,-2320.144764,4802.570069,43.902,-27.521,580.240657
21 Mar 2024 11:07:35.000,4480.751706,-2316.543924,4778.398913,43.626,-27.339,580.138053
21 Mar 2024 11:07:40.000,4508.413306,-2312.895037,4754.086008,43.351,-27.159,580.035365
21 Mar 2024 11:07:45.000,4535.944472,-2309.198116,4729.632076,43.075,-26.980,579.932605
21 Mar 2024 11:07:50.000,4563.344425,-2305.453174,4705.037842,42.798,-26.803,579.829786
21 Mar 2024 11:07:55.000,4590.612392,-2301.660223,4680.304035,42.522,-26.628,579.726920
21 Mar 2024 11:08:00.000,4617.747601,-2297.819281,4655.431389,42.245,-26.455,579.624018
21 Mar 2024 11:08:05.000,4644.749288,-2293.930361,4630.420642,41.967,-26.284,579.521094
21 Mar 2024 11:08:10.000,4671.616691,-2289.993480,4605.272535,41.689,-26.114,579.418159
21 Mar 2024 11:08:15.000,4698.349050,-2286.008656,4579.987816,41.411,-25.946,579.315225
21 Mar 2024 11:08:20.000,4724.945613,-2281.975908,4554.567234,41.133,-25.779,579.212306
21 Mar 2024 11:08:25.000,4751.405628,-2277.895253,4529.011542,40.854,-25.614,579.109412
21 Mar 2024 11:08:30.000,4777.728349,-2273.766712,4503.321500,40.575,-25.450,579.006556
21 Mar 2024 11:08:35.000,4803.913035,-2269.590307,4477.497869,40.296,-25.288,578.903751
21 Mar 2024 11:08:40.000,4829.958947,-2265.366058,4451.541415,40.016,-25.128,578.801008
21 Mar 2024 11:08:45.000,4855.865351,-2261.093988,4425.452908,39.736,-24.969,578.698340
21 Mar 2024 11:08:50.000,4881.631518,-2256.774121,4399.233122,39.456,-24.811,578.595759
21 Mar 2024 11:08:55.000,4907.256721,-2252.406481,4372.882835,39.176,-24.655,578.493278
21 Mar 2024 11:09:00.000,4932.740239,-2247.991093,4346.402829,38.895,-24.500,578.390907
21 Mar 2024 11:09:05.000,4958.081354,-2243.527983,4319.793889,38.614,-24.347,578.288660
21 Mar 2024 11:09:10.000,4983.279354,-2239.017178,4293.056805,38.332,-24.195,578.186549
21 Mar 2024 11:09:15.000,5008.333529,-2234.458706,4266.192369,38.051,-24.044,578.084586
21 Mar 2024 11:09:20.000,5033.243174,-2229.852596,4239.201378,37.769,-23.895,577.982782
21 Mar 2024 11:09:25.000,5058.007589,-2225.198878,4212.084634,37.487,-23.746,577.881150
21 Mar 2024 11:09:30.000,5082.626077,-2220.497581,4184.842940,37.204,-23.600,577.779703
21 Mar 2024 11:09:35.000,5107.097946,-2215.748738,4157.477105,36.922,-23.454,577.678452
21 Mar 2024 11:09:40.000,5131.422508,-2210.952380,4129.987940,36.639,-23.310,577.577408
21 Mar 2024 11:09:45.000,5155.599081,-2206.108541,4102.376261,36.356,-23.166,577.476585
21 Mar 2024 11:09:50.000,5179.626985,-2201.217255,4074.642888,36.072,-23.024,577.375995
21 Mar 2024 11:09:55.000,5203.505545,-2196.278557,4046.788642,35.789,-22.883,577.275648
21 Mar 2024 11:10:00.000,5227.234091,-2191.292483,4018.814350,35.505,-22.744,577.175558