"Time (UTCG)","Satellite12106 - x (km)","Satellite12106 - y (km)","Satellite12106 - z (km)","Lat (deg)","Lon (deg)","Alt (km)"
21 Mar 2024 10:50:00.000,4071.370112,5348.962102,-1757.599958,-14.739,52.723,571.374134
21 Mar 2024 10:50:05.000,4057.164127,5348.408437,-1791.801944,-15.033,52.817,571.428118
21 Mar 2024 10:50:10.000,4042.837873,5347.707309,-1825.950777,-15.326,52.911,571.483055
21 Mar 2024 10:50:15.000,4028.391664,5346.858828,-1860.045442,-15.619,53.005,571.538938
21 Mar 2024 10:50:20.000,4013.825819,5345.863105,-1894.084930,-15.912,53.100,571.595761
21 Mar 2024 10:50:25.000,3999.140661,5344.720259,-1928.068230,-16.205,53.195,571.653516
21 Mar 2024 10:50:30.000,3984.336514,5343.430411,-1961.994333,-16.498,53.290,571.712197
21 Mar 2024 10:50:35.000,3969.413708,5341.993685,-1995.862235,-16.791,53.385,571.771797
21 Mar 2024 10:50:40.000,3954.372575,5340.410211,-2029.670929,-17.084,53.481,571.832308
21 Mar 2024 10:50:45.000,3939.213453,5338.680124,-2063.419413,-17.376,53.578,571.893724
21 Mar 2024 10:50:50.000,3923.936682,5336.803560,-2097.106686,-17.669,53.674,571.956037
21 Mar 2024 10:50:55.000,3908.542604,5334.780660,-2130.731749,-17.962,53.772,572.019239
21 Mar 2024 10:51:00.000,3893.031568,5332.611572,-2164.293603,-18.254,53.869,572.083323
21 Mar 2024 10:51:05.000,3877.403923,5330.296445,-2197.791254,-18.546,53.967,572.148282
21 Mar 2024 10:51:10.000,3861.660025,5327.835432,-2231.223708,-18.839,54.065,572.214107
21 Mar 2024 10:51:15.000,3845.800231,5325.228691,-2264.589972,-19.131,54.164,572.280791
21 Mar 2024 10:51:20.000,3829.824902,5322.476385,-2297.889058,-19.423,54.263,572.348325
21 Mar 2024 10:51:25.000,3813.734403,5319.578679,-2331.119977,-19.715,54.362,572.416702
21 Mar 2024 10:51:30.000,3797.529103,5316.535744,-2364.281743,-20.007,54.462,572.485914
21 Mar 2024 10:51:35.000,3781.209374,5313.347753,-2397.373374,-20.299,54.563,572.555951
21 Mar 2024 10:51:40.000,3764.775591,5310.014885,-2430.393886,-20.590,54.664,572.626806
21 Mar 2024 10:51:45.000,3748.228133,5306.537321,-2463.342301,-20.882,54.765,572.698471
21 Mar 2024 10:51:50.000,3731.567383,5302.915248,-2496.217641,-21.174,54.867,572.770936
21 Mar 2024 10:51:55.000,3714.793727,5299.148855,-2529.018931,-21.465,54.969,572.844193
21 Mar 2024 10:52:00.000,3697.907553,5295.238337,-2561.745198,-21.756,55.072,572.918233
21 Mar 2024 10:52:05.000,3680.909255,5291.183891,-2594.395471,-22.048,55.175,572.993048
21 Mar 2024 10:52:10.000,3663.799230,5286.985720,-2626.968781,-22.339,55.279,573.068628
21 Mar 2024 10:52:15.000,3646.577876,5282.644029,-2659.464162,-22.630,55.383,573.144964
21 Mar 2024 10:52:20.000,3629.245598,5278.159028,-2691.880651,-22.921,55.488,573.222048
21 Mar 2024 10:52:25.000,3611.802802,5273.530931,-2724.217285,-23.212,55.593,573.299870
21 Mar 2024 10:52:30.000,3594.249897,5268.759955,-2756.473106,-23.502,55.699,573.378420
21 Mar 2024 10:52:35.000,3576.587298,5263.846323,-2788.647156,-23.793,55.805,573.457690
21 Mar 2024 10:52:40.000,3558.815422,5258.790259,-2820.738481,-24.083,55.912,573.537669
21 Mar 2024 10:52:45.000,3540.934688,5253.591993,-2852.746129,-24.374,56.020,573.618349
21 Mar 2024 10:52:50.000,3522.945520,5248.251759,-2884.669150,-24.664,56.128,573.699720
21 Mar 2024 10:52:55.000,3504.848346,5242.769793,-2916.506598,-24.954,56.237,573.781771
21 Mar 2024 10:53:00.000,3486.643596,5237.146337,-2948.257528,-25.244,56.346,573.864494
21 Mar 2024 10:53:05.000,3468.331704,5231.381635,-2979.920999,-25.534,56.456,573.947877
21 Mar 2024 10:53:10.000,3449.913106,5225.475936,-3011.496070,-25.823,56.567,574.031913
21 Mar 2024 10:53:15.000,3431.388243,5219.429493,-3042.981805,-26.113,56.678,574.116589
21 Mar 2024 10:53:20.000,3412.757559,5213.242562,-3074.377271,-26.402,56.790,574.201896
21 Mar 2024 10:53:25.000,3394.021502,5206.915404,-3105.681535,-26.692,56.903,574.287824
21 Mar 2024 10:53:30.000,3375.180521,5200.448282,-3136.893669,-26.981,57.016,574.374363
21 Mar 2024 10:53:35.000,3356.235070,5193.841464,-3168.012748,-27.270,57.130,574.461503
21 Mar 2024 10:53:40.000,3337.185606,5187.095223,-3199.037848,-27.559,57.244,574.549232
21 Mar 2024 10:53:45.000,3318.032589,5180.209833,-3229.968049,-27.847,57.360,574.637540
21 Mar 2024 10:53:50.000,3298.776484,5173.185573,-3260.802433,-28.136,57.476,574.726418
21 Mar 2024 10:53:55.000,3279.417756,5166.022727,-3291.540086,-28.424,57.592,574.815854
21 Mar 2024 10:54:00.000,3259.956875,5158.721582,-3322.180095,-28.712,57.710,574.905837
21 Mar 2024 10:54:05.000,3240.394316,5151.282427,-3352.721552,-29.001,57.828,574.996357
21 Mar 2024 10:54:10.000,3220.730554,5143.705557,-3383.163551,-29.288,57.947,575.087404
21 Mar 2024 10:54:15.000,3200.966069,5135.991270,-3413.505189,-29.576,58.067,575.178965
21 Mar 2024 10:54:20.000,3181.101344,5128.139867,-3443.745565,-29.864,58.188,575.271031
21 Mar 2024 10:54:25.000,3161.136864,5120.151654,-3473.883783,-30.151,58.309,575.363590
21 Mar 2024 10:54:30.000,3141.073120,5112.026940,-3503.918948,-30.439,58.431,575.456632
21 Mar 2024 10:54:35.000,3120.910603,5103.766037,-3533.850170,-30.726,58.555,575.550144
21 Mar 2024 10:54:40.000,3100.649809,5095.369261,-3563.676560,-31.013,58.679,575.644117
21 Mar 2024 10:54:45.000,3080.291236,5086.836933,-3593.397234,-31.299,58.803,575.738538
21 Mar 2024 10:54:50.000,3059.835387,5078.169376,-3623.011311,-31.586,58.929,575.833397
21 Mar 2024 10:54:55.000,3039.282766,5069.366918,-3652.517911,-31.872,59.056,575.928682
21 Mar 2024 10:55:00.000,3018.633882,5060.429888,-3681.916159,-32.158,59.183,576.024382
21 Mar 2024 10:55:05.000,2997.889244,5051.358623,-3711.205184,-32.444,59.312,576.120486
21 Mar 2024 10:55:10.000,2977.049368,5042.153458,-3740.384116,-32.730,59.441,576.216982
21 Mar 2024 10:55:15.000,2956.114771,5032.814737,-3769.452090,-33.016,59.571,576.313858
21 Mar 2024 10:55:20.000,2935.085972,5023.342804,-3798.408243,-33.301,59.703,576.411103
21 Mar 2024 10:55:25.000,2913.963496,5013.738008,-3827.251717,-33.586,59.835,576.508706
21 Mar 2024 10:55:30.000,2892.747868,5004.000701,-3855.981655,-33.871,59.968,576.606654
21 Mar 2024 10:55:35.000,2871.439617,4994.131239,-3884.597207,-34.156,60.103,576.704936
21 Mar 2024 10:55:40.000,2850.039277,4984.129982,-3913.097522,-34.441,60.238,576.803541
21 Mar 2024 10:55:45.000,2828.547383,4973.997291,-3941.481755,-34.725,60.375,576.902457
21 Mar 2024 10:55:50.000,2806.964471,4963.733533,-3969.749065,-35.009,60.512,577.001672
21 Mar 2024 10:55:55.000,2785.291085,4953.339079,-3997.898612,-35.293,60.651,577.101173
21 Mar 2024 10:56:00.000,2763.527768,4942.814301,-4025.929562,-35.577,60.790,577.200950
21 Mar 2024 10:56:05.000,2741.675067,4932.159575,-4053.841083,-35.860,60.931,577.300990
21 Mar 2024 10:56:10.000,2719.733532,4921.375282,-4081.632347,-36.144,61.073,577.401282
21 Mar 2024 10:56:15.000,2697.703717,4910.461806,-4109.302530,-36.427,61.217,577.501813
21 Mar 2024 10:56:20.000,2675.586176,4899.419533,-4136.850810,-36.709,61.361,577.602572
21 Mar 2024 10:56:25.000,2653.381469,4888.248853,-4164.276372,-36.992,61.507,577.703547
21 Mar 2024 10:56:30.000,2631.090157,4876.950161,-4191.578400,-37.274,61.653,577.804725
21 Mar 2024 10:56:35.000,2608.712805,4865.523852,-4218.756086,-37.556,61.801,577.906094
21 Mar 2024 10:56:40.000,2586.249980,4853.970329,-4245.808622,-37.838,61.951,578.007644
21 Mar 2024 10:56:45.000,2563.702252,4842.289994,-4272.735207,-38.119,62.101,578.109360
21 Mar 2024 10:56:50.000,2541.070193,4830.483254,-4299.535042,-38.400,62.253,578.211232
21 Mar 2024 10:56:55.000,2518.354380,4818.550520,-4326.207331,-38.681,62.407,578.313247
21 Mar 2024 10:57:00.000,2495.555391,4806.492206,-4352.751283,-38.962,62.561,578.415394
21 Mar 2024 10:57:05.000,2472.673806,4794.308728,-4379.166112,-39.242,62.717,578.517659
21 Mar 2024 10:57:10.000,2449.710211,4782.000507,-4405.451033,-39.522,62.875,578.620031
21 Mar 2024 10:57:15.000,2426.665191,4769.567966,-4431.605267,-39.802,63.034,578.722498
21 Mar 2024 10:57:20.000,2403.539337,4757.011532,-4457.628037,-40.082,63.194,578.825047
21 Mar 2024 10:57:25.000,2380.333239,4744.331634,-4483.518572,-40.361,63.356,578.927667
21 Mar 2024 10:57:30.000,2357.047494,4731.528706,-4509.276104,-40.640,63.519,579.030345
21 Mar 2024 10:57:35.000,2333.682698,4718.603185,-4534.899869,-40.918,63.684,579.133069
21 Mar 2024 10:57:40.000,2310.239451,4705.555510,-4560.389106,-41.197,63.851,579.235826
21 Mar 2024 10:57:45.000,2286.718356,4692.386123,-4585.743059,-41.475,64.019,579.338605
21 Mar 2024 10:57:50.000,2263.120019,4679.095470,-4610.960977,-41.752,64.189,579.441394
21 Mar 2024 10:57:55.000,2239.445048,4665.684000,-4636.042111,-42.029,64.360,579.544180
21 Mar 2024 10:58:00.000,2215.694052,4652.152166,-4660.985718,-42.306,64.533,579.646950
21 Mar 2024 10:58:05.000,2191.867646,4638.500423,-4685.791056,-42.583,64.707,579.749694
21 Mar 2024 10:58:10.000,2167.966445,4624.729228,-4710.457391,-42.859,64.884,579.852398
21 Mar 2024 10:58:15.000,2143.991067,4610.839044,-4734.983990,-43.135,65.062,579.955050
21 Mar 2024 10:58:20.000,2119.942133,4596.830334,-4759.370127,-43.410,65.242,580.057639
21 Mar 2024 10:58:25.000,2095.820266,4582.703566,-4783.615077,-43.686,65.424,580.160151
21 Mar 2024 10:58:30.000,2071.626093,4568.459211,-4807.718122,-43.960,65.607,580.262576
21 Mar 2024 10:58:35.000,2047.360240,4554.097742,-4831.678546,-44.235,65.793,580.364900
21 Mar 2024 10:58:40.000,2023.023340,4539.619636,-4855.495638,-44.509,65.980,580.467112
21 Mar 2024 10:58:45.000,1998.616026,4525.025372,-4879.168693,-44.782,66.170,580.569200
21 Mar 2024 10:58:50.000,1974.138932,4510.315432,-4902.697008,-45.055,66.361,580.671151
21 Mar 2024 10:58:55.000,1949.592697,4495.490302,-4926.079884,-45.328,66.555,580.772954
21 Mar 2024 10:59:00.000,1924.977961,4480.550471,-4949.316629,-45.601,66.750,580.874595
21 Mar 2024 10:59:05.000,1900.295368,4465.496429,-4972.406553,-45.872,66.948,580.976064
21 Mar 2024 10:59:10.000,1875.545562,4450.328671,-4995.348970,-46.144,67.148,581.077349
21 Mar 2024 10:59:15.000,1850.729192,4435.047693,-5018.143201,-46.415,67.349,581.178436
21 Mar 2024 10:59:20.000,1825.846906,4419.653996,-5040.788570,-46.685,67.554,581.279315
21 Mar 2024 10:59:25.000,1800.899357,4404.148082,-5063.284403,-46.956,67.760,581.379973
21 Mar 2024 10:59:30.000,1775.887199,4388.530457,-5085.630035,-47.225,67.969,581.480398
21 Mar 2024 10:59:35.000,1750.811090,4372.801630,-5107.824801,-47.494,68.179,581.580580
21 Mar 2024 10:59:40.000,1725.671689,4356.962111,-5129.868045,-47.763,68.393,581.680504
21 Mar 2024 10:59:45.000,1700.469656,4341.012414,-5151.759111,-48.031,68.609,581.780161
21 Mar 2024 10:59:50.000,1675.205654,4324.953057,-5173.497351,-48.299,68.827,581.879538
21 Mar 2024 10:59:55.000,1649.880351,4308.784558,-5195.082120,-48.566,69.048,581.978623
21 Mar 2024 11:00:00.000,1624.494414,4292.507440,-5216.512777,-48.833,69.271,582.077404
21 Mar 2024 11:00:05.000,1599.048512,4276.122228,-5237.788686,-49.099,69.497,582.175871
21 Mar 2024 11:00:10.000,1573.543318,4259.629450,-5258.909217,-49.364,69.725,582.274011
21 Mar 2024 11:00:15.000,1547.979507,4243.029635,-5279.873742,-49.629,69.957,582.371812
21 Mar 2024 11:00:20.000,1522.357754,4226.323317,-5300.681641,-49.894,70.191,582.469264
21 Mar 2024 11:00:25.000,1496.678739,4209.511032,-5321.332295,-50.158,70.427,582.566354
21 Mar 2024 11:00:30.000,1470.943142,4192.593317,-5341.825093,-50.421,70.667,582.663071
21 Mar 2024 11:00:35.000,1445.151647,4175.570714,-5362.159425,-50.683,70.909,582.759404
21 Mar 2024 11:00:40.000,1419.304936,4158.443766,-5382.334690,-50.945,71.155,582.855341
21 Mar 2024 11:00:45.000,1393.403699,4141.213020,-5402.350288,-51.207,71.403,582.950871
21 Mar 2024 11:00:50.000,1367.448623,4123.879023,-5422.205625,-51.468,71.655,583.045983
21 Mar 2024 11:00:55.000,1341.440399,4106.442327,-5441.900114,-51.728,71.909,583.140665
21 Mar 2024 11:01:00.000,1315.379720,4088.903485,-5461.433168,-51.987,72.167,583.234907
21 Mar 2024 11:01:05.000,1289.267281,4071.263054,-5480.804210,-52.246,72.428,583.328696
21 Mar 2024 11:01:10.000,1263.103778,4053.521593,-5500.012664,-52.504,72.693,583.422023
21 Mar 2024 11:01:15.000,1236.889911,4035.679663,-5519.057961,-52.761,72.960,583.514876
21 Mar 2024 11:01:20.000,1210.626379,4017.737826,-5537.939536,-53.018,73.231,583.607243
21 Mar 2024 11:01:25.000,1184.313885,3999.696650,-5556.656827,-53.274,73.506,583.699115
21 Mar 2024 11:01:30.000,1157.953134,3981.556703,-5575.209281,-53.529,73.784,583.790480
21 Mar 2024 11:01:35.000,1131.544831,3963.318555,-5593.596347,-53.783,74.066,583.881328
21 Mar 2024 11:01:40.000,1105.089685,3944.982780,-5611.817479,-54.037,74.351,583.971648
21 Mar 2024 11:01:45.000,1078.588404,3926.549954,-5629.872138,-54.290,74.640,584.061428
21 Mar 2024 11:01:50.000,1052.041702,3908.020654,-5647.759786,-54.542,74.933,584.150660
21 Mar 2024 11:01:55.000,1025.450290,3889.395460,-5665.479894,-54.793,75.230,584.239331
21 Mar 2024 11:02:00.000,998.814884,3870.674955,-5683.031936,-55.043,75.531,584.327432
21 Mar 2024 11:02:05.000,972.136201,3851.859725,-5700.415391,-55.292,75.835,584.414952
21 Mar 2024 11:02:10.000,945.414960,3832.950356,-5717.629744,-55.541,76.144,584.501881
21 Mar 2024 11:02:15.000,918.651880,3813.947437,-5734.674484,-55.789,76.457,584.588208
21 Mar 2024 11:02:20.000,891.847683,3794.851561,-5751.549106,-56.035,76.775,584.673924
21 Mar 2024 11:02:25.000,865.003093,3775.663320,-5768.253108,-56.281,77.096,584.759019
21 Mar 2024 11:02:30.000,838.118834,3756.383312,-5784.785995,-56.526,77.422,584.843481
21 Mar 2024 11:02:35.000,811.195635,3737.012134,-5801.147277,-56.769,77.753,584.927302
21 Mar 2024 11:02:40.000,784.234222,3717.550386,-5817.336468,-57.012,78.088,585.010472
21 Mar 2024 11:02:45.000,757.235326,3697.998671,-5833.353089,-57.254,78.428,585.092980
21 Mar 2024 11:02:50.000,730.199678,3678.357595,-5849.196663,-57.495,78.772,585.174817
21 Mar 2024 11:02:55.000,703.128012,3658.627762,-5864.866722,-57.734,79.121,585.255973
21 Mar 2024 11:03:00.000,676.021061,3638.809783,-5880.362800,-57.973,79.476,585.336440
21 Mar 2024 11:03:05.000,648.879561,3618.904268,-5895.684437,-58.210,79.835,585.416206
21 Mar 2024 11:03:10.000,621.704251,3598.911830,-5910.831180,-58.446,80.199,585.495263
21 Mar 2024 11:03:15.000,594.495869,3578.833084,-5925.802578,-58.681,80.568,585.573602
21 Mar 2024 11:03:20.000,567.255155,3558.668647,-5940.598187,-58.915,80.943,585.651213
21 Mar 2024 11:03:25.000,539.982851,3538.419138,-5955.217569,-59.147,81.323,585.728088
21 Mar 2024 11:03:30.000,512.679700,3518.085177,-5969.660290,-59.379,81.709,585.804216
21 Mar 2024 11:03:35.000,485.346447,3497.667388,-5983.925922,-59.609,82.100,585.879590
21 Mar 2024 11:03:40.000,457.983837,3477.166396,-5998.014041,-59.837,82.497,585.954200
21 Mar 2024 11:03:45.000,430.592617,3456.582826,-6011.924229,-60.065,82.899,586.028038
21 Mar 2024 11:03:50.000,403.173537,3435.917308,-6025.656074,-60.291,83.307,586.101094
21 Mar 2024 11:03:55.000,375.727345,3415.170472,-6039.209168,-60.515,83.722,586.173361
21 Mar 2024 11:04:00.000,348.254794,3394.342951,-6052.583110,-60.738,84.142,586.244829
21 Mar 2024 11:04:05.000,320.756634,3373.435377,-6065.777502,-60.960,84.568,586.315491
21 Mar 2024 11:04:10.000,293.233619,3352.448389,-6078.791954,-61.180,85.001,586.385338
21 Mar 2024 11:04:15.000,265.686505,3331.382622,-6091.626078,-61.399,85.440,586.454362
21 Mar 2024 11:04:20.000,238.116047,3310.238717,-6104.279495,-61.615,85.886,586.522554
21 Mar 2024 11:04:25.000,210.523002,3289.017315,-6116.751829,-61.831,86.338,586.589907
21 Mar 2024 11:04:30.000,182.908127,3267.719058,-6129.042710,-62.045,86.796,586.656413
21 Mar 2024 11:04:35.000,155.272184,3246.344592,-6141.151774,-62.256,87.262,586.722063
21 Mar 2024 11:04:40.000,127.615931,3224.894563,-6153.078660,-62.467,87.734,586.786851
21 Mar 2024 11:04:45.000,99.940130,3203.369619,-6164.823017,-62.675,88.213,586.850769
21 Mar 2024 11:04:50.000,72.245545,3181.770409,-6176.384494,-62.882,88.699,586.913808
21 Mar 2024 11:04:55.000,44.532937,3160.097586,-6187.762749,-63.087,89.193,586.975962
21 Mar 2024 11:05:00.000,16.803072,3138.351801,-6198.957444,-63.290,89.693,587.037224
21 Mar 2024 11:05:05.000,-10.943284,3116.533710,-6209.968248,-63.491,90.201,587.097586
21 Mar 2024 11:05:10.000,-38.705366,3094.643969,-6220.794834,-63.690,90.717,587.157041
21 Mar 2024 11:05:15.000,-66.482405,3072.683235,-6231.436881,-63.887,91.239,587.215581
21 Mar 2024 11:05:20.000,-94.273634,3050.652167,-6241.894072,-64.081,91.770,587.273202
21 Mar 2024 11:05:25.000,-122.078283,3028.551427,-6252.166098,-64.274,92.308,587.329894
21 Mar 2024 11:05:30.000,-149.895582,3006.381676,-6262.252654,-64.465,92.854,587.385652
21 Mar 2024 11:05:35.000,-177.724759,2984.143578,-6272.153441,-64.653,93.408,587.440470
21 Mar 2024 11:05:40.000,-205.565044,2961.837799,-6281.868165,-64.839,93.970,587.494340
21 Mar 2024 11:05:45.000,-233.415663,2939.465004,-6291.396537,-65.023,94.540,587.547257
21 Mar 2024 11:05:50.000,-261.275844,2917.025862,-6300.738276,-65.205,95.118,587.599214
21 Mar 2024 11:05:55.000,-289.144810,2894.521042,-6309.893104,-65.384,95.705,587.650205
21 Mar 2024 11:06:00.000,-317.021789,2871.951215,-6318.860750,-65.560,96.299,587.700224
21 Mar 2024 11:06:05.000,-344.906004,2849.317053,-6327.640947,-65.734,96.902,587.749266
21 Mar 2024 11:06:10.000,-372.796678,2826.619229,-6336.233435,-65.905,97.513,587.797324
21 Mar 2024 11:06:15.000,-400.693034,2803.858419,-6344.637959,-66.074,98.133,587.844393
21 Mar 2024 11:06:20.000,-428.594295,2781.035297,-6352.854270,-66.240,98.761,587.890467
21 Mar 2024 11:06:25.000,-456.499683,2758.150542,-6360.882124,-66.404,99.398,587.935541
21 Mar 2024 11:06:30.000,-484.408418,2735.204832,-6368.721283,-66.564,100.043,587.979610
21 Mar 2024 11:06:35.000,-512.319720,2712.198847,-6376.371514,-66.722,100.697,588.022668
21 Mar 2024 11:06:40.000,-540.232810,2689.133267,-6383.832591,-66.876,101.359,588.064711
21 Mar 2024 11:06:45.000,-568.146906,2666.008775,-6391.104292,-67.028,102.030,588.105733
21 Mar 2024 11:06:50.000,-596.061228,2642.826055,-6398.186402,-67.177,102.710,588.145730
21 Mar 2024 11:06:55.000,-623.974993,2619.585790,-6405.078709,-67.322,103.398,588.184697
21 Mar 2024 11:07:00.000,-651.887419,2596.288666,-6411.781011,-67.465,104.095,588.222629
21 Mar 2024 11:07:05.000,-679.797724,2572.935370,-6418.293107,-67.604,104.800,588.259522
21 Mar 2024 11:07:10.000,-707.705124,2549.526590,-6424.614805,-67.740,105.514,588.295372
21 Mar 2024 11:07:15.000,-735.608836,2526.063014,-6430.745918,-67.872,106.236,588.330174
21 Mar 2024 11:07:20.000,-763.508075,2502.545333,-6436.686263,-68.002,106.967,588.363925
21 Mar 2024 11:07:25.000,-791.402058,2478.974237,-6442.435664,-68.127,107.705,588.396620
21 Mar 2024 11:07:30.000,-819.289999,2455.350418,-6447.993951,-68.249,108.453,588.428255
21 Mar 2024 11:07:35.000,-847.171113,2431.674570,-6453.360959,-68.368,109.208,588.458827
21 Mar 2024 11:07:40.000,-875.044616,2407.947385,-6458.536528,-68.483,109.971,588.488333
21 Mar 2024 11:07:45.000,-902.909721,2384.169559,-6463.520505,-68.594,110.742,588.516768
21 Mar 2024 11:07:50.000,-930.765642,2360.341788,-6468.312742,-68.702,111.521,588.544129
21 Mar 2024 11:07:55.000,-958.611594,2336.464768,-6472.913098,-68.805,112.308,588.570414
21 Mar 2024 11:08:00.000,-986.446790,2312.539196,-6477.321435,-68.905,113.101,588.595619
21 Mar 2024 11:08:05.000,-1014.270443,2288.565771,-6481.537622,-69.001,113.902,588.619741
21 Mar 2024 11:08:10.000,-1042.081766,2264.545192,-6485.561536,-69.093,114.711,588.642778
21 Mar 2024 11:08:15.000,-1069.879974,2240.478159,-6489.393056,-69.181,115.526,588.664726
21 Mar 2024 11:08:20.000,-1097.664278,2216.365374,-6493.032068,-69.264,116.347,588.685583
21 Mar 2024 11:08:25.000,-1125.433891,2192.207536,-6496.478465,-69.344,117.175,588.705347
21 Mar 2024 11:08:30.000,-1153.188027,2168.005349,-6499.732145,-69.419,118.009,588.724015
21 Mar 2024 11:08:35.000,-1180.925897,2143.759516,-6502.793010,-69.491,118.849,588.741586
21 Mar 2024 11:08:40.000,-1208.646716,2119.470740,-6505.660971,-69.558,119.694,588.758056
21 Mar 2024 11:08:45.000,-1236.349695,2095.139727,-6508.335942,-69.620,120.545,588.773424
21 Mar 2024 11:08:50.000,-1264.034047,2070.767180,-6510.817843,-69.678,121.401,588.787689
21 Mar 2024 11:08:55.000,-1291.698985,2046.353806,-6513.106602,-69.732,122.261,588.800849
21 Mar 2024 11:09:00.000,-1319.343721,2021.900311,-6515.202149,-69.782,123.126,588.812901
21 Mar 2024 11:09:05.000,-1346.967469,1997.407403,-6517.104424,-69.827,123.994,588.823845
21 Mar 2024 11:09:10.000,-1374.569441,1972.875788,-6518.813370,-69.867,124.866,588.833680
21 Mar 2024 11:09:15.000,-1402.148851,1948.306175,-6520.328935,-69.903,125.742,588.842404
21 Mar 2024 11:09:20.000,-1429.704911,1923.699273,-6521.651075,-69.935,126.620,588.850016
21 Mar 2024 11:09:25.000,-1457.236836,1899.055790,-6522.779751,-69.962,127.501,588.856516
21 Mar 2024 11:09:30.000,-1484.743838,1874.376437,-6523.714929,-69.984,128.384,588.861902
21 Mar 2024 11:09:35.000,-1512.225131,1849.661923,-6524.456582,-70.002,129.268,588.866174
21 Mar 2024 11:09:40.000,-1539.679930,1824.912960,-6525.004687,-70.015,130.154,588.869331
21 Mar 2024 11:09:45.000,-1567.107449,1800.130259,-6525.359229,-70.023,131.041,588.871374
21 Mar 2024 11:09:50.000,-1594.506902,1775.314530,-6525.520196,-70.027,131.929,588.872301
21 Mar 2024 11:09:55.000,-1621.877504,1750.466486,-6525.487584,-70.026,132.816,588.872113
21 Mar 2024 11:10:00.000,-1649.218471,1725.586839,-6525.261394,-70.021,133.704,588.870810