"Time (UTCG)","Satellite11517 - x (km)","Satellite11517 - y (km)","Satellite11517 - z (km)","Lat (deg)","Lon (deg)","Alt (km)"
21 Mar 2024 10:50:00.000,-6098.909893,143.071732,3325.573089,28.744,178.656,574.915853
21 Mar 2024 10:50:05.000,-6082.432675,130.208306,3356.138604,29.033,178.774,575.006536
21 Mar 2024 10:50:10.000,-6065.785296,117.328873,3386.604560,29.321,178.892,575.097747
21 Mar 2024 10:50:15.000,-6048.968261,104.433689,3416.970054,29.609,179.011,575.189473
21 Mar 2024 10:50:20.000,-6031.982077,91.523010,3447.234186,29.897,179.131,575.281704
21 Mar 2024 10:50:25.000,-6014.827256,78.597093,3477.396058,30.185,179.251,575.374429
21 Mar 2024 10:50:30.000,-5997.504317,65.656197,3507.454775,30.472,179.373,575.467637
21 Mar 2024 10:50:35.000,-5980.013782,52.700579,3537.409445,30.760,179.495,575.561317
21 Mar 2024 10:50:40.000,-5962.356178,39.730501,3567.259180,31.047,179.618,575.655457
21 Mar 2024 10:50:45.000,-5944.532038,26.746222,3597.003094,31.334,179.742,575.750047
21 Mar 2024 10:50:50.000,-5926.541897,13.748004,3626.640306,31.621,179.867,575.845075
21 Mar 2024 10:50:55.000,-5908.386297,0.736109,3656.169935,31.908,179.993,575.940529
21 Mar 2024 10:51:00.000,-5890.065785,-12.289201,3685.591105,32.194,-179.880,576.036399
21 Mar 2024 10:51:05.000,-5871.580911,-25.327661,3714.902945,32.481,-179.753,576.132673
21 Mar 2024 10:51:10.000,-5852.932230,-38.379007,3744.104584,32.767,-179.624,576.229339
21 Mar 2024 10:51:15.000,-5834.120302,-51.442973,3773.195157,33.053,-179.495,576.326387
21 Mar 2024 10:51:20.000,-5815.145693,-64.519294,3802.173800,33.338,-179.364,576.423804
21 Mar 2024 10:51:25.000,-5796.008971,-77.607703,3831.039653,33.624,-179.233,576.521578
21 Mar 2024 10:51:30.000,-5776.710710,-90.707931,3859.791861,33.909,-179.100,576.619699
21 Mar 2024 10:51:35.000,-5757.251490,-103.819711,3888.429570,34.194,-178.967,576.718154
21 Mar 2024 10:51:40.000,-5737.631892,-116.942773,3916.951932,34.479,-178.832,576.816932
21 Mar 2024 10:51:45.000,-5717.852504,-130.076848,3945.358099,34.764,-178.697,576.916021
21 Mar 2024 10:51:50.000,-5697.913919,-143.221664,3973.647229,35.049,-178.560,577.015409
21 Mar 2024 10:51:55.000,-5677.816732,-156.376950,4001.818484,35.333,-178.422,577.115084
21 Mar 2024 10:52:00.000,-5657.561546,-169.542434,4029.871026,35.617,-178.284,577.215035
21 Mar 2024 10:52:05.000,-5637.148965,-182.717843,4057.804025,35.901,-178.144,577.315250
21 Mar 2024 10:52:10.000,-5616.579600,-195.902904,4085.616651,36.184,-178.002,577.415716
21 Mar 2024 10:52:15.000,-5595.854064,-209.097341,4113.308080,36.468,-177.860,577.516422
21 Mar 2024 10:52:20.000,-5574.972978,-222.300879,4140.877490,36.751,-177.717,577.617356
21 Mar 2024 10:52:25.000,-5553.936963,-235.513243,4168.324063,37.034,-177.572,577.718505
21 Mar 2024 10:52:30.000,-5532.746647,-248.734157,4195.646985,37.316,-177.426,577.819859
21 Mar 2024 10:52:35.000,-5511.402663,-261.963342,4222.845446,37.599,-177.279,577.921404
21 Mar 2024 10:52:40.000,-5489.905647,-275.200520,4249.918638,37.881,-177.130,578.023128
21 Mar 2024 10:52:45.000,-5468.256239,-288.445414,4276.865759,38.163,-176.980,578.125020
21 Mar 2024 10:52:50.000,-5446.455083,-301.697743,4303.686009,38.444,-176.829,578.227067
21 Mar 2024 10:52:55.000,-5424.502830,-314.957227,4330.378593,38.725,-176.677,578.329258
21 Mar 2024 10:53:00.000,-5402.400133,-328.223586,4356.942719,39.006,-176.523,578.431580
21 Mar 2024 10:53:05.000,-5380.147648,-341.496538,4383.377598,39.287,-176.368,578.534021
21 Mar 2024 10:53:10.000,-5357.746039,-354.775801,4409.682447,39.568,-176.212,578.636568
21 Mar 2024 10:53:15.000,-5335.195971,-368.061091,4435.856485,39.848,-176.054,578.739210
21 Mar 2024 10:53:20.000,-5312.498114,-381.352126,4461.898936,40.128,-175.894,578.841935
21 Mar 2024 10:53:25.000,-5289.653143,-394.648621,4487.809027,40.407,-175.733,578.944730
21 Mar 2024 10:53:30.000,-5266.661736,-407.950292,4513.585990,40.687,-175.571,579.047583
21 Mar 2024 10:53:35.000,-5243.524576,-421.256852,4539.229060,40.966,-175.407,579.150481
21 Mar 2024 10:53:40.000,-5220.242349,-434.568015,4564.737476,41.244,-175.241,579.253413
21 Mar 2024 10:53:45.000,-5196.815747,-447.883496,4590.110482,41.523,-175.074,579.356367
21 Mar 2024 10:53:50.000,-5173.245463,-461.203006,4615.347325,41.801,-174.905,579.459330
21 Mar 2024 10:53:55.000,-5149.532198,-474.526257,4640.447257,42.078,-174.735,579.562289
21 Mar 2024 10:54:00.000,-5125.676654,-487.852961,4665.409532,42.356,-174.563,579.665234
21 Mar 2024 10:54:05.000,-5101.679538,-501.182828,4690.233410,42.633,-174.389,579.768151
21 Mar 2024 10:54:10.000,-5077.541560,-514.515569,4714.918155,42.909,-174.214,579.871028
21 Mar 2024 10:54:15.000,-5053.263435,-527.850892,4739.463035,43.185,-174.037,579.973853
21 Mar 2024 10:54:20.000,-5028.845883,-541.188507,4763.867321,43.461,-173.858,580.076615
21 Mar 2024 10:54:25.000,-5004.289626,-554.528122,4788.130290,43.737,-173.677,580.179300
21 Mar 2024 10:54:30.000,-4979.595389,-567.869445,4812.251222,44.012,-173.494,580.281896
21 Mar 2024 10:54:35.000,-4954.763905,-581.212182,4836.229401,44.287,-173.310,580.384392
21 Mar 2024 10:54:40.000,-4929.795906,-594.556041,4860.064116,44.561,-173.123,580.486775
21 Mar 2024 10:54:45.000,-4904.692131,-607.900726,4883.754660,44.835,-172.935,580.589033
21 Mar 2024 10:54:50.000,-4879.453321,-621.245945,4907.300330,45.109,-172.744,580.691155
21 Mar 2024 10:54:55.000,-4854.080223,-634.591400,4930.700428,45.382,-172.552,580.793127
21 Mar 2024 10:55:00.000,-4828.573586,-647.936797,4953.954260,45.655,-172.357,580.894938
21 Mar 2024 10:55:05.000,-4802.934161,-661.281840,4977.061135,45.927,-172.161,580.996576
21 Mar 2024 10:55:10.000,-4777.162708,-674.626231,5000.020368,46.199,-171.962,581.098028
21 Mar 2024 10:55:15.000,-4751.259985,-687.969673,5022.831279,46.471,-171.761,581.199283
21 Mar 2024 10:55:20.000,-4725.226756,-701.311868,5045.493190,46.742,-171.558,581.300329
21 Mar 2024 10:55:25.000,-4699.063791,-714.652517,5068.005430,47.012,-171.352,581.401154
21 Mar 2024 10:55:30.000,-4672.771859,-727.991323,5090.367330,47.283,-171.145,581.501745
21 Mar 2024 10:55:35.000,-4646.351736,-741.327985,5112.578227,47.552,-170.935,581.602091
21 Mar 2024 10:55:40.000,-4619.804201,-754.662203,5134.637463,47.821,-170.722,581.702181
21 Mar 2024 10:55:45.000,-4593.130035,-767.993676,5156.544382,48.090,-170.508,581.802001
21 Mar 2024 10:55:50.000,-4566.330024,-781.322105,5178.298336,48.358,-170.290,581.901541
21 Mar 2024 10:55:55.000,-4539.404956,-794.647187,5199.898678,48.626,-170.071,582.000789
21 Mar 2024 10:56:00.000,-4512.355626,-807.968620,5221.344768,48.893,-169.848,582.099732
21 Mar 2024 10:56:05.000,-4485.182827,-821.286103,5242.635970,49.160,-169.623,582.198360
21 Mar 2024 10:56:10.000,-4457.887361,-834.599331,5263.771652,49.426,-169.396,582.296660
21 Mar 2024 10:56:15.000,-4430.470029,-847.908002,5284.751187,49.691,-169.166,582.394621
21 Mar 2024 10:56:20.000,-4402.931638,-861.211812,5305.573954,49.956,-168.933,582.492231
21 Mar 2024 10:56:25.000,-4375.272997,-874.510457,5326.239333,50.220,-168.697,582.589479
21 Mar 2024 10:56:30.000,-4347.494920,-887.803632,5346.746712,50.484,-168.458,582.686354
21 Mar 2024 10:56:35.000,-4319.598221,-901.091032,5367.095483,50.747,-168.217,582.782843
21 Mar 2024 10:56:40.000,-4291.583722,-914.372351,5387.285043,51.010,-167.972,582.878935
21 Mar 2024 10:56:45.000,-4263.452244,-927.647283,5407.314791,51.272,-167.725,582.974620
21 Mar 2024 10:56:50.000,-4235.204613,-940.915522,5427.184135,51.533,-167.474,583.069885
21 Mar 2024 10:56:55.000,-4206.841659,-954.176761,5446.892484,51.794,-167.221,583.164720
21 Mar 2024 10:57:00.000,-4178.364213,-967.430693,5466.439255,52.054,-166.964,583.259113
21 Mar 2024 10:57:05.000,-4149.773112,-980.677010,5485.823866,52.313,-166.704,583.353054
21 Mar 2024 10:57:10.000,-4121.069193,-993.915405,5505.045744,52.572,-166.440,583.446530
21 Mar 2024 10:57:15.000,-4092.253299,-1007.145568,5524.104318,52.830,-166.174,583.539532
21 Mar 2024 10:57:20.000,-4063.326274,-1020.367191,5542.999022,53.087,-165.904,583.632047
21 Mar 2024 10:57:25.000,-4034.288966,-1033.579966,5561.729296,53.343,-165.630,583.724066
21 Mar 2024 10:57:30.000,-4005.142226,-1046.783581,5580.294585,53.599,-165.353,583.815577
21 Mar 2024 10:57:35.000,-3975.886908,-1059.977728,5598.694337,53.854,-165.072,583.906569
21 Mar 2024 10:57:40.000,-3946.523868,-1073.162097,5616.928008,54.108,-164.788,583.997032
21 Mar 2024 10:57:45.000,-3917.053967,-1086.336376,5634.995055,54.362,-164.499,584.086955
21 Mar 2024 10:57:50.000,-3887.478066,-1099.500256,5652.894944,54.614,-164.207,584.176328
21 Mar 2024 10:57:55.000,-3857.797033,-1112.653424,5670.627142,54.866,-163.912,584.265139
21 Mar 2024 10:58:00.000,-3828.011734,-1125.795569,5688.191125,55.117,-163.612,584.353379
21 Mar 2024 10:58:05.000,-3798.123042,-1138.926379,5705.586370,55.367,-163.308,584.441037
21 Mar 2024 10:58:10.000,-3768.131831,-1152.045543,5722.812363,55.616,-163.000,584.528103
21 Mar 2024 10:58:15.000,-3738.038977,-1165.152748,5739.868592,55.864,-162.688,584.614566
21 Mar 2024 10:58:20.000,-3707.845361,-1178.247680,5756.754550,56.112,-162.371,584.700416
21 Mar 2024 10:58:25.000,-3677.551865,-1191.330028,5773.469738,56.358,-162.050,584.785644
21 Mar 2024 10:58:30.000,-3647.159373,-1204.399477,5790.013659,56.603,-161.725,584.870238
21 Mar 2024 10:58:35.000,-3616.668775,-1217.455715,5806.385823,56.848,-161.396,584.954190
21 Mar 2024 10:58:40.000,-3586.080960,-1230.498427,5822.585744,57.091,-161.061,585.037488
21 Mar 2024 10:58:45.000,-3555.396822,-1243.527299,5838.612940,57.334,-160.722,585.120125
21 Mar 2024 10:58:50.000,-3524.617256,-1256.542017,5854.466938,57.575,-160.379,585.202088
21 Mar 2024 10:58:55.000,-3493.743161,-1269.542266,5870.147266,57.815,-160.030,585.283370
21 Mar 2024 10:59:00.000,-3462.775438,-1282.527732,5885.653460,58.054,-159.677,585.363960
21 Mar 2024 10:59:05.000,-3431.714991,-1295.498099,5900.985059,58.292,-159.318,585.443849
21 Mar 2024 10:59:10.000,-3400.562725,-1308.453052,5916.141609,58.529,-158.955,585.523028
21 Mar 2024 10:59:15.000,-3369.319549,-1321.392277,5931.122659,58.765,-158.586,585.601487
21 Mar 2024 10:59:20.000,-3337.986373,-1334.315456,5945.927767,58.999,-158.212,585.679217
21 Mar 2024 10:59:25.000,-3306.564112,-1347.222275,5960.556492,59.233,-157.832,585.756208
21 Mar 2024 10:59:30.000,-3275.053680,-1360.112416,5975.008400,59.465,-157.447,585.832453
21 Mar 2024 10:59:35.000,-3243.455997,-1372.985565,5989.283063,59.695,-157.057,585.907941
21 Mar 2024 10:59:40.000,-3211.771982,-1385.841404,6003.380057,59.925,-156.660,585.982664
21 Mar 2024 10:59:45.000,-3180.002558,-1398.679617,6017.298965,60.153,-156.258,586.056613
21 Mar 2024 10:59:50.000,-3148.148651,-1411.499888,6031.039372,60.380,-155.851,586.129779
21 Mar 2024 10:59:55.000,-3116.211187,-1424.301898,6044.600873,60.605,-155.437,586.202155
21 Mar 2024 11:00:00.000,-3084.191097,-1437.085332,6057.983063,60.829,-155.017,586.273730
21 Mar 2024 11:00:05.000,-3052.089312,-1449.849872,6071.185547,61.051,-154.591,586.344497
21 Mar 2024 11:00:10.000,-3019.906766,-1462.595202,6084.207933,61.272,-154.158,586.414448
21 Mar 2024 11:00:15.000,-2987.644395,-1475.321002,6097.049834,61.491,-153.719,586.483574
21 Mar 2024 11:00:20.000,-2955.303137,-1488.026957,6109.710870,61.709,-153.274,586.551868
21 Mar 2024 11:00:25.000,-2922.883934,-1500.712747,6122.190664,61.925,-152.822,586.619320
21 Mar 2024 11:00:30.000,-2890.387726,-1513.378057,6134.488848,62.140,-152.364,586.685924
21 Mar 2024 11:00:35.000,-2857.815459,-1526.022567,6146.605055,62.352,-151.899,586.751671
21 Mar 2024 11:00:40.000,-2825.168079,-1538.645960,6158.538926,62.564,-151.426,586.816553
21 Mar 2024 11:00:45.000,-2792.446534,-1551.247918,6170.290108,62.773,-150.947,586.880564
21 Mar 2024 11:00:50.000,-2759.651776,-1563.828124,6181.858252,62.980,-150.461,586.943695
21 Mar 2024 11:00:55.000,-2726.784755,-1576.386258,6193.243015,63.186,-149.967,587.005939
21 Mar 2024 11:01:00.000,-2693.846427,-1588.922002,6204.444058,63.390,-149.466,587.067289
21 Mar 2024 11:01:05.000,-2660.837747,-1601.435040,6215.461050,63.591,-148.958,587.127737
21 Mar 2024 11:01:10.000,-2627.759674,-1613.925052,6226.293664,63.791,-148.442,587.187277
21 Mar 2024 11:01:15.000,-2594.613168,-1626.391719,6236.941579,63.989,-147.919,587.245901
21 Mar 2024 11:01:20.000,-2561.399188,-1638.834725,6247.404478,64.185,-147.388,587.303603
21 Mar 2024 11:01:25.000,-2528.118701,-1651.253751,6257.682051,64.378,-146.849,587.360375
21 Mar 2024 11:01:30.000,-2494.772669,-1663.648478,6267.773994,64.570,-146.303,587.416212
21 Mar 2024 11:01:35.000,-2461.362060,-1676.018588,6277.680007,64.759,-145.748,587.471106
21 Mar 2024 11:01:40.000,-2427.887842,-1688.363763,6287.399796,64.946,-145.185,587.525051
21 Mar 2024 11:01:45.000,-2394.350986,-1700.683685,6296.933073,65.130,-144.614,587.578041
21 Mar 2024 11:01:50.000,-2360.752462,-1712.978036,6306.279555,65.313,-144.035,587.630069
21 Mar 2024 11:01:55.000,-2327.093245,-1725.246497,6315.438965,65.493,-143.448,587.681130
21 Mar 2024 11:02:00.000,-2293.374309,-1737.488751,6324.411031,65.670,-142.852,587.731217
21 Mar 2024 11:02:05.000,-2259.596630,-1749.704479,6333.195487,65.845,-142.248,587.780325
21 Mar 2024 11:02:10.000,-2225.761187,-1761.893363,6341.792072,66.017,-141.635,587.828448
21 Mar 2024 11:02:15.000,-2191.868958,-1774.055086,6350.200532,66.186,-141.014,587.875579
21 Mar 2024 11:02:20.000,-2157.920924,-1786.189330,6358.420616,66.353,-140.384,587.921715
21 Mar 2024 11:02:25.000,-2123.918068,-1798.295777,6366.452082,66.517,-139.746,587.966848
21 Mar 2024 11:02:30.000,-2089.861373,-1810.374109,6374.294690,66.679,-139.099,588.010974
21 Mar 2024 11:02:35.000,-2055.751824,-1822.424010,6381.948209,66.837,-138.443,588.054088
21 Mar 2024 11:02:40.000,-2021.590408,-1834.445161,6389.412410,66.993,-137.779,588.096185
21 Mar 2024 11:02:45.000,-1987.378111,-1846.437245,6396.687073,67.145,-137.105,588.137259
21 Mar 2024 11:02:50.000,-1953.115923,-1858.399946,6403.771983,67.295,-136.424,588.177306
21 Mar 2024 11:02:55.000,-1918.804833,-1870.332946,6410.666928,67.441,-135.733,588.216321
21 Mar 2024 11:03:00.000,-1884.445833,-1882.235928,6417.371704,67.584,-135.034,588.254300
21 Mar 2024 11:03:05.000,-1850.039916,-1894.108576,6423.886112,67.724,-134.326,588.291238
21 Mar 2024 11:03:10.000,-1815.588075,-1905.950573,6430.209960,67.861,-133.609,588.327131
21 Mar 2024 11:03:15.000,-1781.091304,-1917.761604,6436.343059,67.994,-132.884,588.361974
21 Mar 2024 11:03:20.000,-1746.550600,-1929.541351,6442.285227,68.124,-132.150,588.395764
21 Mar 2024 11:03:25.000,-1711.966960,-1941.289499,6448.036289,68.250,-131.408,588.428496
21 Mar 2024 11:03:30.000,-1677.341380,-1953.005731,6453.596073,68.373,-130.658,588.460167
21 Mar 2024 11:03:35.000,-1642.674861,-1964.689734,6458.964415,68.492,-129.899,588.490773
21 Mar 2024 11:03:40.000,-1607.968403,-1976.341190,6464.141156,68.608,-129.132,588.520310
21 Mar 2024 11:03:45.000,-1573.223005,-1987.959786,6469.126142,68.720,-128.357,588.548776
21 Mar 2024 11:03:50.000,-1538.439670,-1999.545206,6473.919224,68.828,-127.574,588.576165
21 Mar 2024 11:03:55.000,-1503.619400,-2011.097135,6478.520262,68.932,-126.784,588.602477
21 Mar 2024 11:04:00.000,-1468.763200,-2022.615260,6482.929118,69.033,-125.986,588.627706
21 Mar 2024 11:04:05.000,-1433.872073,-2034.099266,6487.145661,69.129,-125.181,588.651851
21 Mar 2024 11:04:10.000,-1398.947024,-2045.548839,6491.169767,69.221,-124.368,588.674908
21 Mar 2024 11:04:15.000,-1363.989060,-2056.963665,6495.001316,69.310,-123.549,588.696875
21 Mar 2024 11:04:20.000,-1328.999187,-2068.343432,6498.640195,69.394,-122.722,588.717749
21 Mar 2024 11:04:25.000,-1293.978412,-2079.687827,6502.086295,69.474,-121.890,588.737528
21 Mar 2024 11:04:30.000,-1258.927744,-2090.996536,6505.339514,69.550,-121.051,588.756210
21 Mar 2024 11:04:35.000,-1223.848191,-2102.269248,6508.399756,69.622,-120.206,588.773791
21 Mar 2024 11:04:40.000,-1188.740763,-2113.505650,6511.266930,69.689,-119.356,588.790271
21 Mar 2024 11:04:45.000,-1153.606469,-2124.705431,6513.940951,69.752,-118.500,588.805647
21 Mar 2024 11:04:50.000,-1118.446320,-2135.868279,6516.421740,69.811,-117.639,588.819917
21 Mar 2024 11:04:55.000,-1083.261327,-2146.993883,6518.709223,69.865,-116.773,588.833081
21 Mar 2024 11:05:00.000,-1048.052502,-2158.081933,6520.803332,69.915,-115.903,588.845135
21 Mar 2024 11:05:05.000,-1012.820857,-2169.132118,6522.704005,69.960,-115.029,588.856079
21 Mar 2024 11:05:10.000,-977.567403,-2180.144129,6524.411186,70.000,-114.151,588.865912
21 Mar 2024 11:05:15.000,-942.293155,-2191.117656,6525.924823,70.037,-113.270,588.874632
21 Mar 2024 11:05:20.000,-906.999124,-2202.052389,6527.244873,70.068,-112.386,588.882239
21 Mar 2024 11:05:25.000,-871.686326,-2212.948020,6528.371296,70.095,-111.500,588.888731
21 Mar 2024 11:05:30.000,-836.355773,-2223.804241,6529.304059,70.118,-110.611,588.894108
21 Mar 2024 11:05:35.000,-801.008480,-2234.620743,6530.043133,70.135,-109.720,588.898368
21 Mar 2024 11:05:40.000,-765.645462,-2245.397220,6530.588497,70.148,-108.829,588.901513
21 Mar 2024 11:05:45.000,-730.267733,-2256.133364,6530.940136,70.157,-107.936,588.903540
21 Mar 2024 11:05:50.000,-694.876308,-2266.828868,6531.098037,70.161,-107.042,588.904451
21 Mar 2024 11:05:55.000,-659.472202,-2277.483427,6531.062197,70.160,-106.149,588.904244
21 Mar 2024 11:06:00.000,-624.056432,-2288.096735,6530.832617,70.154,-105.256,588.902920
21 Mar 2024 11:06:05.000,-588.630011,-2298.668486,6530.409304,70.144,-104.363,588.900480
21 Mar 2024 11:06:10.000,-553.193956,-2309.198376,6529.792269,70.129,-103.472,588.896922
21 Mar 2024 11:06:15.000,-517.749282,-2319.686100,6528.981532,70.110,-102.582,588.892248
21 Mar 2024 11:06:20.000,-482.297005,-2330.131356,6527.977117,70.086,-101.694,588.886459
21 Mar 2024 11:06:25.000,-446.838140,-2340.533838,6526.779052,70.057,-100.808,588.879555
21 Mar 2024 11:06:30.000,-411.373703,-2350.893246,6525.387375,70.024,-99.925,588.871536
21 Mar 2024 11:06:35.000,-375.904709,-2361.209276,6523.802126,69.986,-99.046,588.862404
21 Mar 2024 11:06:40.000,-340.432174,-2371.481628,6522.023351,69.944,-98.169,588.852160
21 Mar 2024 11:06:45.000,-304.957114,-2381.709999,6520.051105,69.897,-97.297,588.840805
21 Mar 2024 11:06:50.000,-269.480542,-2391.894090,6517.885445,69.845,-96.428,588.828340
21 Mar 2024 11:06:55.000,-234.003475,-2402.033600,6515.526435,69.789,-95.564,588.814767
21 Mar 2024 11:07:00.000,-198.526927,-2412.128229,6512.974147,69.729,-94.705,588.800087
21 Mar 2024 11:07:05.000,-163.051913,-2422.177680,6510.228654,69.665,-93.851,588.784302
21 Mar 2024 11:07:10.000,-127.579446,-2432.181654,6507.290039,69.596,-93.003,588.767415
21 Mar 2024 11:07:15.000,-92.110542,-2442.139853,6504.158390,69.522,-92.160,588.749426
21 Mar 2024 11:07:20.000,-56.646213,-2452.051980,6500.833798,69.445,-91.323,588.730338
21 Mar 2024 11:07:25.000,-21.187472,-2461.917738,6497.316362,69.363,-90.493,588.710154
21 Mar 2024 11:07:30.000,14.264666,-2471.736833,6493.606188,69.278,-89.669,588.688875
21 Mar 2024 11:07:35.000,49.709191,-2481.508968,6489.703384,69.188,-88.852,588.666504
21 Mar 2024 11:07:40.000,85.145088,-2491.233849,6485.608066,69.094,-88.043,588.643044
21 Mar 2024 11:07:45.000,120.571348,-2500.911183,6481.320357,68.996,-87.240,588.618498
21 Mar 2024 11:07:50.000,155.986959,-2510.540676,6476.840384,68.894,-86.445,588.592868
21 Mar 2024 11:07:55.000,191.390910,-2520.122035,6472.168278,68.788,-85.657,588.566157
21 Mar 2024 11:08:00.000,226.782192,-2529.654969,6467.304179,68.679,-84.877,588.538369
21 Mar 2024 11:08:05.000,262.159795,-2539.139186,6462.248231,68.566,-84.105,588.509507
21 Mar 2024 11:08:10.000,297.522709,-2548.574397,6457.000585,68.449,-83.341,588.479574
21 Mar 2024 11:08:15.000,332.869928,-2557.960310,6451.561395,68.328,-82.586,588.448574
21 Mar 2024 11:08:20.000,368.200443,-2567.296638,6445.930823,68.204,-81.838,588.416509
21 Mar 2024 11:08:25.000,403.513248,-2576.583092,6440.109036,68.076,-81.099,588.383385
21 Mar 2024 11:08:30.000,438.807336,-2585.819383,6434.096208,67.945,-80.369,588.349205
21 Mar 2024 11:08:35.000,474.081703,-2595.005227,6427.892515,67.811,-79.647,588.313973
21 Mar 2024 11:08:40.000,509.335344,-2604.140335,6421.498142,67.673,-78.933,588.277693
21 Mar 2024 11:08:45.000,544.567255,-2613.224423,6414.913280,67.532,-78.229,588.240370
21 Mar 2024 11:08:50.000,579.776433,-2622.257207,6408.138123,67.387,-77.533,588.202007
21 Mar 2024 11:08:55.000,614.961877,-2631.238402,6401.172871,67.240,-76.845,588.162610
21 Mar 2024 11:09:00.000,650.122586,-2640.167726,6394.017733,67.089,-76.167,588.122182
21 Mar 2024 11:09:05.000,685.257558,-2649.044896,6386.672920,66.936,-75.497,588.080729
21 Mar 2024 11:09:10.000,720.365796,-2657.869632,6379.138650,66.779,-74.835,588.038255
21 Mar 2024 11:09:15.000,755.446301,-2666.641651,6371.415146,66.619,-74.183,587.994766
21 Mar 2024 11:09:20.000,790.498076,-2675.360675,6363.502638,66.457,-73.539,587.950267
21 Mar 2024 11:09:25.000,825.520125,-2684.026425,6355.401360,66.292,-72.904,587.904762
21 Mar 2024 11:09:30.000,860.511453,-2692.638622,6347.111553,66.124,-72.277,587.858258
21 Mar 2024 11:09:35.000,895.471066,-2701.196989,6338.633462,65.953,-71.659,587.810759
21 Mar 2024 11:09:40.000,930.397971,-2709.701251,6329.967339,65.780,-71.050,587.762271
21 Mar 2024 11:09:45.000,965.291178,-2718.151131,6321.113442,65.605,-70.449,587.712800
21 Mar 2024 11:09:50.000,1000.149694,-2726.546354,6312.072032,65.426,-69.856,587.662352
21 Mar 2024 11:09:55.000,1034.972533,-2734.886648,6302.843378,65.246,-69.272,587.610933
21 Mar 2024 11:10:00.000,1069.758704,-2743.171739,6293.427754,65.062,-68.696,587.558548