"Time (UTCG)","Satellite10223 - Satellite11501 - x (km)","Satellite10223 - Satellite11501 - y (km)","Satellite10223 - Satellite11501 - z (km)","Lat (deg)","Lon (deg)","Alt (km)"
21 Mar 2024 13:30:00.000,7395.333564,-1553.759997,568.358808,4.325,-11.865,1200.120764
21 Mar 2024 13:30:05.000,7392.415428,-1554.036059,604.422420,4.601,-11.872,1200.136576
21 Mar 2024 13:30:10.000,7389.329204,-1554.274634,640.472224,4.876,-11.878,1200.153353
21 Mar 2024 13:30:15.000,7386.074990,-1554.475594,676.507395,5.151,-11.885,1200.171094
21 Mar 2024 13:30:20.000,7382.652888,-1554.638813,712.527111,5.426,-11.892,1200.189798
21 Mar 2024 13:30:25.000,7379.063003,-1554.764163,748.530550,5.701,-11.898,1200.209462
21 Mar 2024 13:30:30.000,7375.305444,-1554.851519,784.516887,5.976,-11.905,1200.230085
21 Mar 2024 13:30:35.000,7371.380325,-1554.900758,820.485302,6.251,-11.911,1200.251666
21 Mar 2024 13:30:40.000,7367.287761,-1554.911756,856.434973,6.526,-11.918,1200.274201
21 Mar 2024 13:30:45.000,7363.027875,-1554.884390,892.365078,6.801,-11.924,1200.297690
21 Mar 2024 13:30:50.000,7358.600791,-1554.818539,928.274796,7.076,-11.931,1200.322129
21 Mar 2024 13:30:55.000,7354.006638,-1554.714083,964.163307,7.350,-11.937,1200.347517
21 Mar 2024 13:31:00.000,7349.245548,-1554.570902,1000.029792,7.625,-11.944,1200.373851
21 Mar 2024 13:31:05.000,7344.317657,-1554.388877,1035.873430,7.900,-11.950,1200.401129
21 Mar 2024 13:31:10.000,7339.223106,-1554.167891,1071.693403,8.175,-11.956,1200.429348
21 Mar 2024 13:31:15.000,7333.962040,-1553.907828,1107.488893,8.450,-11.963,1200.458506
21 Mar 2024 13:31:20.000,7328.534606,-1553.608572,1143.259081,8.725,-11.969,1200.488599
21 Mar 2024 13:31:25.000,7322.940956,-1553.270008,1179.003151,9.000,-11.976,1200.519626
21 Mar 2024 13:31:30.000,7317.181246,-1552.892022,1214.720287,9.275,-11.982,1200.551583
21 Mar 2024 13:31:35.000,7311.255635,-1552.474503,1250.409671,9.550,-11.988,1200.584468
21 Mar 2024 13:31:40.000,7305.164288,-1552.017339,1286.070489,9.825,-11.994,1200.618277
21 Mar 2024 13:31:45.000,7298.907370,-1551.520419,1321.701926,10.100,-12.001,1200.653006
21 Mar 2024 13:31:50.000,7292.485055,-1550.983633,1357.303168,10.375,-12.007,1200.688654
21 Mar 2024 13:31:55.000,7285.897515,-1550.406874,1392.873401,10.650,-12.013,1200.725217
21 Mar 2024 13:32:00.000,7279.144931,-1549.790033,1428.411814,10.925,-12.019,1200.762691
21 Mar 2024 13:32:05.000,7272.227485,-1549.133006,1463.917594,11.200,-12.025,1200.801072
21 Mar 2024 13:32:10.000,7265.145364,-1548.435685,1499.389930,11.475,-12.032,1200.840358
21 Mar 2024 13:32:15.000,7257.898757,-1547.697967,1534.828011,11.750,-12.038,1200.880545
21 Mar 2024 13:32:20.000,7250.487859,-1546.919748,1570.231029,12.024,-12.044,1200.921628
21 Mar 2024 13:32:25.000,7242.912868,-1546.100928,1605.598173,12.299,-12.050,1200.963605
21 Mar 2024 13:32:30.000,7235.173986,-1545.241403,1640.928637,12.574,-12.056,1201.006471
21 Mar 2024 13:32:35.000,7227.271417,-1544.341075,1676.221613,12.849,-12.062,1201.050222
21 Mar 2024 13:32:40.000,7219.205372,-1543.399845,1711.476295,13.124,-12.068,1201.094855
21 Mar 2024 13:32:45.000,7210.976063,-1542.417614,1746.691878,13.399,-12.074,1201.140364
21 Mar 2024 13:32:50.000,7202.583707,-1541.394286,1781.867556,13.674,-12.079,1201.186747
21 Mar 2024 13:32:55.000,7194.028525,-1540.329765,1817.002526,13.948,-12.085,1201.233998
21 Mar 2024 13:33:00.000,7185.310742,-1539.223957,1852.095986,14.223,-12.091,1201.282114
21 Mar 2024 13:33:05.000,7176.430585,-1538.076768,1887.147134,14.498,-12.097,1201.331089
21 Mar 2024 13:33:10.000,7167.388286,-1536.888106,1922.155169,14.773,-12.103,1201.380920
21 Mar 2024 13:33:15.000,7158.184082,-1535.657880,1957.119291,15.048,-12.108,1201.431601
21 Mar 2024 13:33:20.000,7148.818211,-1534.385999,1992.038702,15.323,-12.114,1201.483129
21 Mar 2024 13:33:25.000,7139.290916,-1533.072374,2026.912603,15.597,-12.119,1201.535498
21 Mar 2024 13:33:30.000,7129.602445,-1531.716918,2061.740199,15.872,-12.125,1201.588703
21 Mar 2024 13:33:35.000,7119.753048,-1530.319544,2096.520693,16.147,-12.131,1201.642740
21 Mar 2024 13:33:40.000,7109.742980,-1528.880166,2131.253291,16.422,-12.136,1201.697603
21 Mar 2024 13:33:45.000,7099.572498,-1527.398699,2165.937200,16.696,-12.142,1201.753288
21 Mar 2024 13:33:50.000,7089.241864,-1525.875062,2200.571626,16.971,-12.147,1201.809789
21 Mar 2024 13:33:55.000,7078.751344,-1524.309170,2235.155779,17.246,-12.152,1201.867101
21 Mar 2024 13:34:00.000,7068.101207,-1522.700944,2269.688869,17.521,-12.158,1201.925219
21 Mar 2024 13:34:05.000,7057.291725,-1521.050302,2304.170106,17.795,-12.163,1201.984138
21 Mar 2024 13:34:10.000,7046.323175,-1519.357168,2338.598703,18.070,-12.168,1202.043852
21 Mar 2024 13:34:15.000,7035.195838,-1517.621463,2372.973874,18.345,-12.173,1202.104355
21 Mar 2024 13:34:20.000,7023.909997,-1515.843110,2407.294833,18.619,-12.178,1202.165642
21 Mar 2024 13:34:25.000,7012.465939,-1514.022036,2441.560796,18.894,-12.183,1202.227708
21 Mar 2024 13:34:30.000,7000.863956,-1512.158164,2475.770980,19.169,-12.188,1202.290546
21 Mar 2024 13:34:35.000,6989.104342,-1510.251424,2509.924604,19.443,-12.193,1202.354151
21 Mar 2024 13:34:40.000,6977.187397,-1508.301742,2544.020888,19.718,-12.198,1202.418517
21 Mar 2024 13:34:45.000,6965.113421,-1506.309050,2578.059051,19.993,-12.203,1202.483637
21 Mar 2024 13:34:50.000,6952.882720,-1504.273277,2612.038318,20.267,-12.208,1202.549507
21 Mar 2024 13:34:55.000,6940.495605,-1502.194355,2645.957911,20.542,-12.213,1202.616120
21 Mar 2024 13:35:00.000,6927.952387,-1500.072218,2679.817056,20.816,-12.217,1202.683469
21 Mar 2024 13:35:05.000,6915.253383,-1497.906801,2713.614979,21.091,-12.222,1202.751549
21 Mar 2024 13:35:10.000,6902.398913,-1495.698038,2747.350908,21.366,-12.227,1202.820353
21 Mar 2024 13:35:15.000,6889.389301,-1493.445866,2781.024072,21.640,-12.231,1202.889875
21 Mar 2024 13:35:20.000,6876.224874,-1491.150224,2814.633702,21.915,-12.235,1202.960109
21 Mar 2024 13:35:25.000,6862.905963,-1488.811051,2848.179031,22.189,-12.240,1203.031048
21 Mar 2024 13:35:30.000,6849.432901,-1486.428287,2881.659291,22.464,-12.244,1203.102685
21 Mar 2024 13:35:35.000,6835.806028,-1484.001874,2915.073718,22.738,-12.248,1203.175014
21 Mar 2024 13:35:40.000,6822.025683,-1481.531755,2948.421548,23.013,-12.253,1203.248029
21 Mar 2024 13:35:45.000,6808.092213,-1479.017875,2981.702021,23.287,-12.257,1203.321722
21 Mar 2024 13:35:50.000,6794.005965,-1476.460178,3014.914374,23.562,-12.261,1203.396086
21 Mar 2024 13:35:55.000,6779.767291,-1473.858612,3048.057851,23.836,-12.265,1203.471116
21 Mar 2024 13:36:00.000,6765.376547,-1471.213125,3081.131693,24.111,-12.269,1203.546803
21 Mar 2024 13:36:05.000,6750.834092,-1468.523665,3114.135144,24.385,-12.272,1203.623142
21 Mar 2024 13:36:10.000,6736.140288,-1465.790183,3147.067452,24.660,-12.276,1203.700124
21 Mar 2024 13:36:15.000,6721.295501,-1463.012631,3179.927863,24.934,-12.280,1203.777743
21 Mar 2024 13:36:20.000,6706.300101,-1460.190963,3212.715627,25.208,-12.284,1203.855992
21 Mar 2024 13:36:25.000,6691.154459,-1457.325131,3245.429995,25.483,-12.287,1203.934864
21 Mar 2024 13:36:30.000,6675.858954,-1454.415093,3278.070219,25.757,-12.291,1204.014351
21 Mar 2024 13:36:35.000,6660.413963,-1451.460804,3310.635554,26.032,-12.294,1204.094445
21 Mar 2024 13:36:40.000,6644.819870,-1448.462223,3343.125255,26.306,-12.297,1204.175141
21 Mar 2024 13:36:45.000,6629.077062,-1445.419310,3375.538581,26.580,-12.300,1204.256429
21 Mar 2024 13:36:50.000,6613.185929,-1442.332025,3407.874791,26.855,-12.304,1204.338303
21 Mar 2024 13:36:55.000,6597.146863,-1439.200330,3440.133147,27.129,-12.307,1204.420755
21 Mar 2024 13:37:00.000,6580.960262,-1436.024188,3472.312910,27.403,-12.309,1204.503778
21 Mar 2024 13:37:05.000,6564.626526,-1432.803564,3504.413347,27.677,-12.312,1204.587364
21 Mar 2024 13:37:10.000,6548.146059,-1429.538424,3536.433723,27.952,-12.315,1204.671504
21 Mar 2024 13:37:15.000,6531.519266,-1426.228735,3568.373308,28.226,-12.318,1204.756193
21 Mar 2024 13:37:20.000,6514.746558,-1422.874466,3600.231371,28.500,-12.320,1204.841421
21 Mar 2024 13:37:25.000,6497.828349,-1419.475587,3632.007185,28.774,-12.323,1204.927180
21 Mar 2024 13:37:30.000,6480.765055,-1416.032068,3663.700024,29.049,-12.325,1205.013464
21 Mar 2024 13:37:35.000,6463.557098,-1412.543883,3695.309164,29.323,-12.328,1205.100264
21 Mar 2024 13:37:40.000,6446.204899,-1409.011004,3726.833882,29.597,-12.330,1205.187572
21 Mar 2024 13:37:45.000,6428.708885,-1405.433408,3758.273459,29.871,-12.332,1205.275379
21 Mar 2024 13:37:50.000,6411.069488,-1401.811070,3789.627176,30.145,-12.334,1205.363679
21 Mar 2024 13:37:55.000,6393.287140,-1398.143969,3820.894317,30.419,-12.336,1205.452463
21 Mar 2024 13:38:00.000,6375.362277,-1394.432083,3852.074167,30.693,-12.338,1205.541722
21 Mar 2024 13:38:05.000,6357.295340,-1390.675393,3883.166015,30.968,-12.339,1205.631448
21 Mar 2024 13:38:10.000,6339.086772,-1386.873881,3914.169150,31.242,-12.341,1205.721634
21 Mar 2024 13:38:15.000,6320.737018,-1383.027530,3945.082863,31.516,-12.342,1205.812271
21 Mar 2024 13:38:20.000,6302.246528,-1379.136324,3975.906449,31.790,-12.344,1205.903350
21 Mar 2024 13:38:25.000,6283.615756,-1375.200250,4006.639203,32.064,-12.345,1205.994864
21 Mar 2024 13:38:30.000,6264.845156,-1371.219293,4037.280423,32.338,-12.346,1206.086803
21 Mar 2024 13:38:35.000,6245.935188,-1367.193444,4067.829409,32.612,-12.347,1206.179160
21 Mar 2024 13:38:40.000,6226.886314,-1363.122692,4098.285464,32.886,-12.348,1206.271925
21 Mar 2024 13:38:45.000,6207.699001,-1359.007028,4128.647891,33.160,-12.349,1206.365091
21 Mar 2024 13:38:50.000,6188.373715,-1354.846445,4158.915997,33.434,-12.349,1206.458649
21 Mar 2024 13:38:55.000,6168.910929,-1350.640936,4189.089090,33.708,-12.350,1206.552590
21 Mar 2024 13:39:00.000,6149.311118,-1346.390497,4219.166481,33.981,-12.350,1206.646906
21 Mar 2024 13:39:05.000,6129.574760,-1342.095125,4249.147483,34.255,-12.350,1206.741587
21 Mar 2024 13:39:10.000,6109.702335,-1337.754818,4279.031411,34.529,-12.350,1206.836626
21 Mar 2024 13:39:15.000,6089.694328,-1333.369576,4308.817582,34.803,-12.350,1206.932014
21 Mar 2024 13:39:20.000,6069.551227,-1328.939398,4338.505315,35.077,-12.350,1207.027741
21 Mar 2024 13:39:25.000,6049.273521,-1324.464288,4368.093934,35.351,-12.350,1207.123799
21 Mar 2024 13:39:30.000,6028.861703,-1319.944249,4397.582761,35.625,-12.349,1207.220179
21 Mar 2024 13:39:35.000,6008.316271,-1315.379286,4426.971122,35.898,-12.349,1207.316873
21 Mar 2024 13:39:40.000,5987.637723,-1310.769405,4456.258347,36.172,-12.348,1207.413871
21 Mar 2024 13:39:45.000,5966.826562,-1306.114614,4485.443767,36.446,-12.347,1207.511164
21 Mar 2024 13:39:50.000,5945.883294,-1301.414922,4514.526714,36.720,-12.346,1207.608745
21 Mar 2024 13:39:55.000,5924.808426,-1296.670339,4543.506524,36.993,-12.345,1207.706603
21 Mar 2024 13:40:00.000,5903.602471,-1291.880879,4572.382535,37.267,-12.343,1207.804729
21 Mar 2024 13:40:05.000,5882.265943,-1287.046553,4601.154088,37.541,-12.342,1207.903116
21 Mar 2024 13:40:10.000,5860.799358,-1282.167377,4629.820525,37.814,-12.340,1208.001753
21 Mar 2024 13:40:15.000,5839.203238,-1277.243366,4658.381191,38.088,-12.338,1208.100632
21 Mar 2024 13:40:20.000,5817.478105,-1272.274539,4686.835434,38.362,-12.336,1208.199743
21 Mar 2024 13:40:25.000,5795.624486,-1267.260913,4715.182603,38.635,-12.334,1208.299078
21 Mar 2024 13:40:30.000,5773.642910,-1262.202510,4743.422052,38.909,-12.332,1208.398628
21 Mar 2024 13:40:35.000,5751.533908,-1257.099351,4771.553134,39.182,-12.329,1208.498383
21 Mar 2024 13:40:40.000,5729.298016,-1251.951459,4799.575208,39.456,-12.326,1208.598334
21 Mar 2024 13:40:45.000,5706.935770,-1246.758859,4827.487633,39.729,-12.323,1208.698471
21 Mar 2024 13:40:50.000,5684.447713,-1241.521577,4855.289772,40.003,-12.320,1208.798787
21 Mar 2024 13:40:55.000,5661.834386,-1236.239639,4882.980988,40.276,-12.317,1208.899272
21 Mar 2024 13:41:00.000,5639.096336,-1230.913075,4910.560651,40.550,-12.313,1208.999916
21 Mar 2024 13:41:05.000,5616.234113,-1225.541915,4938.028128,40.823,-12.310,1209.100710
21 Mar 2024 13:41:10.000,5593.248267,-1220.126190,4965.382794,41.097,-12.306,1209.201645
21 Mar 2024 13:41:15.000,5570.139354,-1214.665933,4992.624023,41.370,-12.302,1209.302712
21 Mar 2024 13:41:20.000,5546.907930,-1209.161180,5019.751193,41.644,-12.297,1209.403901
21 Mar 2024 13:41:25.000,5523.554557,-1203.611965,5046.763684,41.917,-12.293,1209.505204
21 Mar 2024 13:41:30.000,5500.079796,-1198.018326,5073.660879,42.190,-12.288,1209.606611
21 Mar 2024 13:41:35.000,5476.484214,-1192.380301,5100.442163,42.464,-12.283,1209.708112
21 Mar 2024 13:41:40.000,5452.768378,-1186.697931,5127.106925,42.737,-12.278,1209.809699
21 Mar 2024 13:41:45.000,5428.932860,-1180.971257,5153.654556,43.010,-12.273,1209.911362
21 Mar 2024 13:41:50.000,5404.978233,-1175.200322,5180.084448,43.284,-12.267,1210.013092
21 Mar 2024 13:41:55.000,5380.905074,-1169.385171,5206.395999,43.557,-12.261,1210.114879
21 Mar 2024 13:42:00.000,5356.713962,-1163.525849,5232.588606,43.830,-12.255,1210.216715
21 Mar 2024 13:42:05.000,5332.405478,-1157.622403,5258.661672,44.103,-12.248,1210.318589
21 Mar 2024 13:42:10.000,5307.980206,-1151.674882,5284.614602,44.376,-12.242,1210.420494
21 Mar 2024 13:42:15.000,5283.438734,-1145.683336,5310.446801,44.650,-12.235,1210.522418
21 Mar 2024 13:42:20.000,5258.781651,-1139.647817,5336.157680,44.923,-12.228,1210.624353
21 Mar 2024 13:42:25.000,5234.009549,-1133.568378,5361.746652,45.196,-12.220,1210.726291
21 Mar 2024 13:42:30.000,5209.123023,-1127.445072,5387.213132,45.469,-12.213,1210.828220
21 Mar 2024 13:42:35.000,5184.122670,-1121.277956,5412.556538,45.742,-12.205,1210.930132
21 Mar 2024 13:42:40.000,5159.009090,-1115.067087,5437.776291,46.015,-12.196,1211.032019
21 Mar 2024 13:42:45.000,5133.782884,-1108.812524,5462.871816,46.288,-12.188,1211.133869
21 Mar 2024 13:42:50.000,5108.444659,-1102.514326,5487.842538,46.561,-12.179,1211.235675
21 Mar 2024 13:42:55.000,5082.995021,-1096.172555,5512.687887,46.834,-12.170,1211.337427
21 Mar 2024 13:43:00.000,5057.434580,-1089.787274,5537.407296,47.107,-12.160,1211.439115
21 Mar 2024 13:43:05.000,5031.763948,-1083.358548,5562.000200,47.380,-12.151,1211.540730
21 Mar 2024 13:43:10.000,5005.983740,-1076.886443,5586.466037,47.653,-12.140,1211.642263
21 Mar 2024 13:43:15.000,4980.094573,-1070.371024,5610.804248,47.926,-12.130,1211.743705
21 Mar 2024 13:43:20.000,4954.097067,-1063.812362,5635.014277,48.199,-12.119,1211.845047
21 Mar 2024 13:43:25.000,4927.991844,-1057.210527,5659.095571,48.472,-12.108,1211.946278
21 Mar 2024 13:43:30.000,4901.779527,-1050.565589,5683.047580,48.744,-12.097,1212.047391
21 Mar 2024 13:43:35.000,4875.460745,-1043.877623,5706.869757,49.017,-12.085,1212.148375
21 Mar 2024 13:43:40.000,4849.036126,-1037.146701,5730.561557,49.290,-12.073,1212.249222
21 Mar 2024 13:43:45.000,4822.506301,-1030.372901,5754.122440,49.563,-12.060,1212.349922
21 Mar 2024 13:43:50.000,4795.871905,-1023.556300,5777.551866,49.835,-12.048,1212.450466
21 Mar 2024 13:43:55.000,4769.133573,-1016.696975,5800.849301,50.108,-12.034,1212.550845
21 Mar 2024 13:44:00.000,4742.291944,-1009.795009,5824.014213,50.381,-12.021,1212.651050
21 Mar 2024 13:44:05.000,4715.347658,-1002.850481,5847.046072,50.653,-12.007,1212.751072
21 Mar 2024 13:44:10.000,4688.301360,-995.863475,5869.944352,50.926,-11.992,1212.850901
21 Mar 2024 13:44:15.000,4661.153693,-988.834076,5892.708529,51.199,-11.977,1212.950529
21 Mar 2024 13:44:20.000,4633.905306,-981.762370,5915.338085,51.471,-11.962,1213.049946
21 Mar 2024 13:44:25.000,4606.556847,-974.648443,5937.832501,51.744,-11.946,1213.149143
21 Mar 2024 13:44:30.000,4579.108970,-967.492385,5960.191265,52.016,-11.930,1213.248111
21 Mar 2024 13:44:35.000,4551.562328,-960.294286,5982.413865,52.289,-11.914,1213.346842
21 Mar 2024 13:44:40.000,4523.917578,-953.054237,6004.499793,52.561,-11.897,1213.445326
21 Mar 2024 13:44:45.000,4496.175377,-945.772332,6026.448545,52.834,-11.879,1213.543555
21 Mar 2024 13:44:50.000,4468.336387,-938.448665,6048.259620,53.106,-11.861,1213.641518
21 Mar 2024 13:44:55.000,4440.401270,-931.083332,6069.932519,53.379,-11.842,1213.739208
21 Mar 2024 13:45:00.000,4412.370691,-923.676431,6091.466747,53.651,-11.823,1213.836616
21 Mar 2024 13:45:05.000,4384.245318,-916.228060,6112.861812,53.923,-11.804,1213.933732
21 Mar 2024 13:45:10.000,4356.025818,-908.738319,6134.117225,54.196,-11.784,1214.030548
21 Mar 2024 13:45:15.000,4327.712864,-901.207310,6155.232501,54.468,-11.763,1214.127055
21 Mar 2024 13:45:20.000,4299.307128,-893.635136,6176.207158,54.740,-11.742,1214.223244
21 Mar 2024 13:45:25.000,4270.809285,-886.021903,6197.040716,55.012,-11.720,1214.319107
21 Mar 2024 13:45:30.000,4242.220013,-878.367714,6217.732699,55.285,-11.698,1214.414634
21 Mar 2024 13:45:35.000,4213.539991,-870.672679,6238.282634,55.557,-11.675,1214.509817
21 Mar 2024 13:45:40.000,4184.769899,-862.936906,6258.690053,55.829,-11.652,1214.604648
21 Mar 2024 13:45:45.000,4155.910422,-855.160505,6278.954488,56.101,-11.627,1214.699117
21 Mar 2024 13:45:50.000,4126.962244,-847.343587,6299.075477,56.373,-11.603,1214.793217
21 Mar 2024 13:45:55.000,4097.926053,-839.486267,6319.052561,56.645,-11.577,1214.886938
21 Mar 2024 13:46:00.000,4068.802536,-831.588657,6338.885282,56.917,-11.551,1214.980272
21 Mar 2024 13:46:05.000,4039.592385,-823.650874,6358.573188,57.189,-11.524,1215.073211
21 Mar 2024 13:46:10.000,4010.296293,-815.673036,6378.115829,57.461,-11.497,1215.165746
21 Mar 2024 13:46:15.000,3980.914955,-807.655262,6397.512758,57.733,-11.469,1215.257869
21 Mar 2024 13:46:20.000,3951.449065,-799.597670,6416.763533,58.005,-11.440,1215.349570
21 Mar 2024 13:46:25.000,3921.899324,-791.500383,6435.867713,58.277,-11.410,1215.440843
21 Mar 2024 13:46:30.000,3892.266431,-783.363525,6454.824863,58.549,-11.379,1215.531679
21 Mar 2024 13:46:35.000,3862.551088,-775.187218,6473.634548,58.820,-11.348,1215.622069
21 Mar 2024 13:46:40.000,3832.753998,-766.971589,6492.296340,59.092,-11.316,1215.712005
21 Mar 2024 13:46:45.000,3802.875867,-758.716766,6510.809812,59.364,-11.283,1215.801479
21 Mar 2024 13:46:50.000,3772.917402,-750.422876,6529.174540,59.636,-11.249,1215.890484
21 Mar 2024 13:46:55.000,3742.879312,-742.090051,6547.390106,59.907,-11.214,1215.979010
21 Mar 2024 13:47:00.000,3712.762307,-733.718420,6565.456094,60.179,-11.179,1216.067049
21 Mar 2024 13:47:05.000,3682.567101,-725.308118,6583.372090,60.451,-11.142,1216.154595
21 Mar 2024 13:47:10.000,3652.294406,-716.859277,6601.137685,60.722,-11.105,1216.241639
21 Mar 2024 13:47:15.000,3621.944939,-708.372035,6618.752474,60.994,-11.066,1216.328172
21 Mar 2024 13:47:20.000,3591.519416,-699.846527,6636.216054,61.265,-11.027,1216.414187
21 Mar 2024 13:47:25.000,3561.018557,-691.282893,6653.528026,61.536,-10.986,1216.499677
21 Mar 2024 13:47:30.000,3530.443083,-682.681272,6670.687994,61.808,-10.944,1216.584633
21 Mar 2024 13:47:35.000,3499.793714,-674.041805,6687.695567,62.079,-10.901,1216.669048
21 Mar 2024 13:47:40.000,3469.071176,-665.364634,6704.550355,62.350,-10.857,1216.752914
21 Mar 2024 13:47:45.000,3438.276193,-656.649905,6721.251975,62.622,-10.812,1216.836224
21 Mar 2024 13:47:50.000,3407.409492,-647.897761,6737.800044,62.893,-10.766,1216.918970
21 Mar 2024 13:47:55.000,3376.471801,-639.108350,6754.194185,63.164,-10.718,1217.001144
21 Mar 2024 13:48:00.000,3345.463851,-630.281820,6770.434022,63.435,-10.669,1217.082739
21 Mar 2024 13:48:05.000,3314.386372,-621.418321,6786.519184,63.706,-10.619,1217.163747
21 Mar 2024 13:48:10.000,3283.240097,-612.518002,6802.449306,63.977,-10.568,1217.244162
21 Mar 2024 13:48:15.000,3252.025760,-603.581017,6818.224021,64.248,-10.515,1217.323976
21 Mar 2024 13:48:20.000,3220.744098,-594.607518,6833.842971,64.519,-10.460,1217.403181
21 Mar 2024 13:48:25.000,3189.395847,-585.597662,6849.305797,64.790,-10.404,1217.481771
21 Mar 2024 13:48:30.000,3157.981745,-576.551604,6864.612148,65.061,-10.347,1217.559739
21 Mar 2024 13:48:35.000,3126.502533,-567.469501,6879.761672,65.332,-10.287,1217.637077
21 Mar 2024 13:48:40.000,3094.958952,-558.351513,6894.754025,65.603,-10.227,1217.713778
21 Mar 2024 13:48:45.000,3063.351743,-549.197801,6909.588863,65.873,-10.164,1217.789835
21 Mar 2024 13:48:50.000,3031.681652,-540.008526,6924.265849,66.144,-10.100,1217.865242
21 Mar 2024 13:48:55.000,2999.949424,-530.783851,6938.784645,66.414,-10.034,1217.939991
21 Mar 2024 13:49:00.000,2968.155804,-521.523940,6953.144921,66.685,-9.966,1218.014076
21 Mar 2024 13:49:05.000,2936.301541,-512.228960,6967.346349,66.955,-9.895,1218.087491
21 Mar 2024 13:49:10.000,2904.387383,-502.899077,6981.388604,67.226,-9.823,1218.160228
21 Mar 2024 13:49:15.000,2872.414082,-493.534460,6995.271365,67.496,-9.749,1218.232280
21 Mar 2024 13:49:20.000,2840.382387,-484.135278,7008.994316,67.766,-9.673,1218.303643
21 Mar 2024 13:49:25.000,2808.293053,-474.701704,7022.557142,68.036,-9.594,1218.374307
21 Mar 2024 13:49:30.000,2776.146832,-465.233909,7035.959534,68.306,-9.513,1218.444269
21 Mar 2024 13:49:35.000,2743.944481,-455.732067,7049.201186,68.576,-9.430,1218.513521
21 Mar 2024 13:49:40.000,2711.686755,-446.196353,7062.281795,68.846,-9.344,1218.582056
21 Mar 2024 13:49:45.000,2679.374410,-436.626944,7075.201062,69.116,-9.255,1218.649869
21 Mar 2024 13:49:50.000,2647.008207,-427.024017,7087.958693,69.386,-9.164,1218.716954
21 Mar 2024 13:49:55.000,2614.588904,-417.387752,7100.554395,69.656,-9.070,1218.783304
21 Mar 2024 13:50:00.000,2582.117262,-407.718329,7112.987881,69.925,-8.973,1218.848914