"Time (UTCG)","Satellite10212 - Satellite11501 - x (km)","Satellite10212 - Satellite11501 - y (km)","Satellite10212 - Satellite11501 - z (km)","Lat (deg)","Lon (deg)","Alt (km)"
21 Mar 2024 13:30:00.000,-688.405472,-253.651751,-7542.540625,-84.475,-159.773,1221.185043
21 Mar 2024 13:30:05.000,-653.226082,-261.121595,-7545.413944,-84.703,-158.211,1221.201124
21 Mar 2024 13:30:10.000,-618.037314,-268.611185,-7548.114884,-84.927,-156.509,1221.216246
21 Mar 2024 13:30:15.000,-582.839983,-276.120357,-7550.643383,-85.145,-154.651,1221.230406
21 Mar 2024 13:30:20.000,-547.634900,-283.648947,-7552.999383,-85.358,-152.618,1221.243605
21 Mar 2024 13:30:25.000,-512.422881,-291.196790,-7555.182831,-85.564,-150.392,1221.255841
21 Mar 2024 13:30:30.000,-477.204739,-298.763718,-7557.193677,-85.763,-147.951,1221.267113
21 Mar 2024 13:30:35.000,-441.981287,-306.349564,-7559.031874,-85.953,-145.273,1221.277420
21 Mar 2024 13:30:40.000,-406.753340,-313.954159,-7560.697382,-86.134,-142.337,1221.286760
21 Mar 2024 13:30:45.000,-371.521711,-321.577334,-7562.190161,-86.303,-139.122,1221.295133
21 Mar 2024 13:30:50.000,-336.287214,-329.218918,-7563.510177,-86.460,-135.609,1221.302539
21 Mar 2024 13:30:55.000,-301.050663,-336.878739,-7564.657402,-86.601,-131.785,1221.308977
21 Mar 2024 13:31:00.000,-265.812870,-344.556624,-7565.631807,-86.726,-127.649,1221.314445
21 Mar 2024 13:31:05.000,-230.574650,-352.252399,-7566.433372,-86.833,-123.208,1221.318944
21 Mar 2024 13:31:10.000,-195.336815,-359.965890,-7567.062077,-86.919,-118.487,1221.322473
21 Mar 2024 13:31:15.000,-160.100180,-367.696921,-7567.517909,-86.983,-113.529,1221.325032
21 Mar 2024 13:31:20.000,-124.865557,-375.445315,-7567.800856,-87.024,-108.396,1221.326620
21 Mar 2024 13:31:25.000,-89.633759,-383.210894,-7567.910913,-87.040,-103.165,1221.327238
21 Mar 2024 13:31:30.000,-54.405598,-390.993480,-7567.848077,-87.031,-97.922,1221.326885
21 Mar 2024 13:31:35.000,-19.181887,-398.792893,-7567.612350,-86.997,-92.754,1221.325562
21 Mar 2024 13:31:40.000,16.036561,-406.608953,-7567.203736,-86.939,-87.741,1221.323268
21 Mar 2024 13:31:45.000,51.248935,-414.441477,-7566.622245,-86.859,-82.951,1221.320004
21 Mar 2024 13:31:50.000,86.454423,-422.290282,-7565.867891,-86.758,-78.430,1221.315770
21 Mar 2024 13:31:55.000,121.652214,-430.155187,-7564.940690,-86.637,-74.209,1221.310566
21 Mar 2024 13:32:00.000,156.841496,-438.036005,-7563.840664,-86.500,-70.300,1221.304394
21 Mar 2024 13:32:05.000,192.021459,-445.932551,-7562.567838,-86.347,-66.703,1221.297252
21 Mar 2024 13:32:10.000,227.191292,-453.844640,-7561.122241,-86.181,-63.408,1221.289143
21 Mar 2024 13:32:15.000,262.350185,-461.772082,-7559.503907,-86.004,-60.397,1221.280067
21 Mar 2024 13:32:20.000,297.497329,-469.714692,-7557.712871,-85.816,-57.652,1221.270024
21 Mar 2024 13:32:25.000,332.631915,-477.672277,-7555.749175,-85.619,-55.148,1221.259016
21 Mar 2024 13:32:30.000,367.753132,-485.644650,-7553.612864,-85.415,-52.865,1221.247043
21 Mar 2024 13:32:35.000,402.860174,-493.631618,-7551.303986,-85.204,-50.782,1221.234107
21 Mar 2024 13:32:40.000,437.952231,-501.632990,-7548.822595,-84.987,-48.877,1221.220209
21 Mar 2024 13:32:45.000,473.028498,-509.648573,-7546.168747,-84.765,-47.134,1221.205349
21 Mar 2024 13:32:50.000,508.088165,-517.678172,-7543.342503,-84.538,-45.536,1221.189531
21 Mar 2024 13:32:55.000,543.130429,-525.721593,-7540.343927,-84.307,-44.067,1221.172754
21 Mar 2024 13:33:00.000,578.154481,-533.778640,-7537.173087,-84.073,-42.715,1221.155020
21 Mar 2024 13:33:05.000,613.159517,-541.849117,-7533.830057,-83.836,-41.467,1221.136331
21 Mar 2024 13:33:10.000,648.144732,-549.932826,-7530.314913,-83.596,-40.314,1221.116689
21 Mar 2024 13:33:15.000,683.109323,-558.029569,-7526.627734,-83.353,-39.245,1221.096095
21 Mar 2024 13:33:20.000,718.052484,-566.139147,-7522.768605,-83.108,-38.254,1221.074552
21 Mar 2024 13:33:25.000,752.973415,-574.261359,-7518.737615,-82.861,-37.331,1221.052060
21 Mar 2024 13:33:30.000,787.871311,-582.396005,-7514.534855,-82.613,-36.472,1221.028623
21 Mar 2024 13:33:35.000,822.745372,-590.542882,-7510.160421,-82.363,-35.670,1221.004243
21 Mar 2024 13:33:40.000,857.594796,-598.701789,-7505.614414,-82.111,-34.920,1220.978921
21 Mar 2024 13:33:45.000,892.418784,-606.872520,-7500.896936,-81.858,-34.217,1220.952659
21 Mar 2024 13:33:50.000,927.216536,-615.054873,-7496.008097,-81.604,-33.558,1220.925461
21 Mar 2024 13:33:55.000,961.987253,-623.248641,-7490.948007,-81.348,-32.938,1220.897329
21 Mar 2024 13:34:00.000,996.730137,-631.453618,-7485.716783,-81.092,-32.355,1220.868265
21 Mar 2024 13:34:05.000,1031.444391,-639.669598,-7480.314543,-80.835,-31.806,1220.838271
21 Mar 2024 13:34:10.000,1066.129219,-647.896373,-7474.741411,-80.577,-31.287,1220.807351
21 Mar 2024 13:34:15.000,1100.783825,-656.133734,-7468.997515,-80.318,-30.797,1220.775508
21 Mar 2024 13:34:20.000,1135.407414,-664.381472,-7463.082986,-80.058,-30.334,1220.742744
21 Mar 2024 13:34:25.000,1169.999192,-672.639376,-7456.997958,-79.798,-29.895,1220.709062
21 Mar 2024 13:34:30.000,1204.558367,-680.907236,-7450.742571,-79.537,-29.478,1220.674465
21 Mar 2024 13:34:35.000,1239.084146,-689.184839,-7444.316968,-79.276,-29.083,1220.638956
21 Mar 2024 13:34:40.000,1273.575738,-697.471973,-7437.721296,-79.014,-28.707,1220.602539
21 Mar 2024 13:34:45.000,1308.032353,-705.768425,-7430.955705,-78.751,-28.350,1220.565217
21 Mar 2024 13:34:50.000,1342.453202,-714.073979,-7424.020349,-78.488,-28.009,1220.526993
21 Mar 2024 13:34:55.000,1376.837496,-722.388422,-7416.915388,-78.225,-27.685,1220.487871
21 Mar 2024 13:35:00.000,1411.184447,-730.711537,-7409.640983,-77.961,-27.375,1220.447854
21 Mar 2024 13:35:05.000,1445.493270,-739.043108,-7402.197301,-77.697,-27.079,1220.406946
21 Mar 2024 13:35:10.000,1479.763179,-747.382917,-7394.584512,-77.433,-26.797,1220.365150
21 Mar 2024 13:35:15.000,1513.993390,-755.730747,-7386.802789,-77.168,-26.527,1220.322471
21 Mar 2024 13:35:20.000,1548.183119,-764.086378,-7378.852311,-76.903,-26.268,1220.278912
21 Mar 2024 13:35:25.000,1582.331585,-772.449590,-7370.733259,-76.637,-26.020,1220.234477
21 Mar 2024 13:35:30.000,1616.438007,-780.820165,-7362.445819,-76.371,-25.783,1220.189170
21 Mar 2024 13:35:35.000,1650.501604,-789.197880,-7353.990179,-76.105,-25.555,1220.142995
21 Mar 2024 13:35:40.000,1684.521597,-797.582513,-7345.366534,-75.839,-25.336,1220.095957
21 Mar 2024 13:35:45.000,1718.497210,-805.973842,-7336.575079,-75.573,-25.127,1220.048059
21 Mar 2024 13:35:50.000,1752.427665,-814.371644,-7327.616017,-75.306,-24.925,1219.999306
21 Mar 2024 13:35:55.000,1786.312187,-822.775695,-7318.489551,-75.039,-24.731,1219.949703
21 Mar 2024 13:36:00.000,1820.150003,-831.185771,-7309.195891,-74.772,-24.544,1219.899254
21 Mar 2024 13:36:05.000,1853.940339,-839.601645,-7299.735248,-74.505,-24.365,1219.847963
21 Mar 2024 13:36:10.000,1887.682424,-848.023091,-7290.107838,-74.237,-24.192,1219.795835
21 Mar 2024 13:36:15.000,1921.375487,-856.449884,-7280.313882,-73.970,-24.025,1219.742875
21 Mar 2024 13:36:20.000,1955.018760,-864.881795,-7270.353603,-73.702,-23.864,1219.689087
21 Mar 2024 13:36:25.000,1988.611474,-873.318596,-7260.227230,-73.434,-23.709,1219.634477
21 Mar 2024 13:36:30.000,2022.152863,-881.760059,-7249.934992,-73.166,-23.560,1219.579049
21 Mar 2024 13:36:35.000,2055.642163,-890.205954,-7239.477125,-72.897,-23.415,1219.522809
21 Mar 2024 13:36:40.000,2089.078608,-898.656051,-7228.853869,-72.629,-23.276,1219.465761
21 Mar 2024 13:36:45.000,2122.461438,-907.110120,-7218.065466,-72.360,-23.141,1219.407911
21 Mar 2024 13:36:50.000,2155.789890,-915.567928,-7207.112162,-72.092,-23.011,1219.349264
21 Mar 2024 13:36:55.000,2189.063205,-924.029243,-7195.994207,-71.823,-22.885,1219.289825
21 Mar 2024 13:37:00.000,2222.280625,-932.493834,-7184.711857,-71.554,-22.763,1219.229599
21 Mar 2024 13:37:05.000,2255.441394,-940.961467,-7173.265367,-71.285,-22.646,1219.168593
21 Mar 2024 13:37:10.000,2288.544755,-949.431907,-7161.655001,-71.016,-22.532,1219.106811
21 Mar 2024 13:37:15.000,2321.589956,-957.904920,-7149.881022,-70.747,-22.421,1219.044259
21 Mar 2024 13:37:20.000,2354.576243,-966.380272,-7137.943701,-70.477,-22.315,1218.980943
21 Mar 2024 13:37:25.000,2387.502867,-974.857726,-7125.843309,-70.208,-22.211,1218.916869
21 Mar 2024 13:37:30.000,2420.369077,-983.337046,-7113.580124,-69.938,-22.111,1218.852041
21 Mar 2024 13:37:35.000,2453.174126,-991.817995,-7101.154425,-69.669,-22.013,1218.786468
21 Mar 2024 13:37:40.000,2485.917267,-1000.300335,-7088.566496,-69.399,-21.919,1218.720153
21 Mar 2024 13:37:45.000,2518.597757,-1008.783828,-7075.816625,-69.129,-21.828,1218.653103
21 Mar 2024 13:37:50.000,2551.214852,-1017.268237,-7062.905104,-68.859,-21.739,1218.585325
21 Mar 2024 13:37:55.000,2583.767811,-1025.753321,-7049.832226,-68.589,-21.653,1218.516824
21 Mar 2024 13:38:00.000,2616.255894,-1034.238840,-7036.598291,-68.319,-21.570,1218.447607
21 Mar 2024 13:38:05.000,2648.678363,-1042.724555,-7023.203601,-68.049,-21.488,1218.377679
21 Mar 2024 13:38:10.000,2681.034481,-1051.210224,-7009.648463,-67.779,-21.410,1218.307048
21 Mar 2024 13:38:15.000,2713.323513,-1059.695606,-6995.933185,-67.509,-21.333,1218.235719
21 Mar 2024 13:38:20.000,2745.544728,-1068.180459,-6982.058081,-67.239,-21.259,1218.163699
21 Mar 2024 13:38:25.000,2777.697392,-1076.664541,-6968.023468,-66.968,-21.187,1218.090995
21 Mar 2024 13:38:30.000,2809.780778,-1085.147609,-6953.829667,-66.698,-21.117,1218.017613
21 Mar 2024 13:38:35.000,2841.794156,-1093.629418,-6939.477002,-66.427,-21.049,1217.943560
21 Mar 2024 13:38:40.000,2873.736801,-1102.109726,-6924.965801,-66.157,-20.982,1217.868842
21 Mar 2024 13:38:45.000,2905.607988,-1110.588287,-6910.296395,-65.886,-20.918,1217.793466
21 Mar 2024 13:38:50.000,2937.406995,-1119.064857,-6895.469120,-65.615,-20.855,1217.717440
21 Mar 2024 13:38:55.000,2969.133101,-1127.539190,-6880.484314,-65.345,-20.794,1217.640770
21 Mar 2024 13:39:00.000,3000.785587,-1136.011040,-6865.342320,-65.074,-20.735,1217.563462
21 Mar 2024 13:39:05.000,3032.363737,-1144.480162,-6850.043483,-64.803,-20.678,1217.485525
21 Mar 2024 13:39:10.000,3063.866835,-1152.946307,-6834.588153,-64.532,-20.622,1217.406965
21 Mar 2024 13:39:15.000,3095.294168,-1161.409229,-6818.976683,-64.261,-20.567,1217.327789
21 Mar 2024 13:39:20.000,3126.645025,-1169.868679,-6803.209430,-63.990,-20.514,1217.248004
21 Mar 2024 13:39:25.000,3157.918696,-1178.324411,-6787.286754,-63.719,-20.462,1217.167618
21 Mar 2024 13:39:30.000,3189.114473,-1186.776174,-6771.209019,-63.448,-20.412,1217.086637
21 Mar 2024 13:39:35.000,3220.231652,-1195.223721,-6754.976592,-63.177,-20.363,1217.005070
21 Mar 2024 13:39:40.000,3251.269528,-1203.666800,-6738.589844,-62.906,-20.315,1216.922924
21 Mar 2024 13:39:45.000,3282.227400,-1212.105164,-6722.049149,-62.635,-20.269,1216.840206
21 Mar 2024 13:39:50.000,3313.104569,-1220.538561,-6705.354885,-62.363,-20.224,1216.756923
21 Mar 2024 13:39:55.000,3343.900336,-1228.966740,-6688.507433,-62.092,-20.180,1216.673083
21 Mar 2024 13:40:00.000,3374.614007,-1237.389451,-6671.507179,-61.821,-20.137,1216.588694
21 Mar 2024 13:40:05.000,3405.244887,-1245.806442,-6654.354511,-61.549,-20.095,1216.503764
21 Mar 2024 13:40:10.000,3435.792285,-1254.217462,-6637.049821,-61.278,-20.054,1216.418300
21 Mar 2024 13:40:15.000,3466.255513,-1262.622257,-6619.593503,-61.007,-20.015,1216.332309
21 Mar 2024 13:40:20.000,3496.633882,-1271.020576,-6601.985957,-60.735,-19.976,1216.245800
21 Mar 2024 13:40:25.000,3526.926708,-1279.412165,-6584.227586,-60.464,-19.939,1216.158781
21 Mar 2024 13:40:30.000,3557.133307,-1287.796772,-6566.318794,-60.192,-19.902,1216.071260
21 Mar 2024 13:40:35.000,3587.252999,-1296.174142,-6548.259991,-59.920,-19.866,1215.983243
21 Mar 2024 13:40:40.000,3617.285105,-1304.544022,-6530.051589,-59.649,-19.831,1215.894740
21 Mar 2024 13:40:45.000,3647.228948,-1312.906157,-6511.694005,-59.377,-19.798,1215.805759
21 Mar 2024 13:40:50.000,3677.083855,-1321.260293,-6493.187657,-59.105,-19.765,1215.716307
21 Mar 2024 13:40:55.000,3706.849152,-1329.606175,-6474.532970,-58.834,-19.732,1215.626393
21 Mar 2024 13:41:00.000,3736.524170,-1337.943548,-6455.730368,-58.562,-19.701,1215.536024
21 Mar 2024 13:41:05.000,3766.108242,-1346.272157,-6436.780281,-58.290,-19.670,1215.445210
21 Mar 2024 13:41:10.000,3795.600701,-1354.591744,-6417.683142,-58.018,-19.641,1215.353958
21 Mar 2024 13:41:15.000,3825.000885,-1362.902055,-6398.439389,-57.746,-19.612,1215.262276
21 Mar 2024 13:41:20.000,3854.308133,-1371.202834,-6379.049459,-57.474,-19.583,1215.170174
21 Mar 2024 13:41:25.000,3883.521786,-1379.493823,-6359.513796,-57.202,-19.556,1215.077659
21 Mar 2024 13:41:30.000,3912.641188,-1387.774765,-6339.832847,-56.930,-19.529,1214.984739
21 Mar 2024 13:41:35.000,3941.665685,-1396.045404,-6320.007061,-56.658,-19.503,1214.891424
21 Mar 2024 13:41:40.000,3970.594625,-1404.305482,-6300.036891,-56.386,-19.477,1214.797721
21 Mar 2024 13:41:45.000,3999.427359,-1412.554742,-6279.922793,-56.114,-19.453,1214.703639
21 Mar 2024 13:41:50.000,4028.163241,-1420.792926,-6259.665227,-55.842,-19.429,1214.609187
21 Mar 2024 13:41:55.000,4056.801626,-1429.019775,-6239.264656,-55.570,-19.405,1214.514374
21 Mar 2024 13:42:00.000,4085.341871,-1437.235033,-6218.721545,-55.298,-19.382,1214.419207
21 Mar 2024 13:42:05.000,4113.783337,-1445.438439,-6198.036364,-55.025,-19.360,1214.323696
21 Mar 2024 13:42:10.000,4142.125387,-1453.629736,-6177.209585,-54.753,-19.338,1214.227849
21 Mar 2024 13:42:15.000,4170.367386,-1461.808664,-6156.241685,-54.481,-19.317,1214.131676
21 Mar 2024 13:42:20.000,4198.508702,-1469.974965,-6135.133142,-54.209,-19.296,1214.035184
21 Mar 2024 13:42:25.000,4226.548705,-1478.128380,-6113.884439,-53.936,-19.276,1213.938382
21 Mar 2024 13:42:30.000,4254.486767,-1486.268648,-6092.496060,-53.664,-19.256,1213.841280
21 Mar 2024 13:42:35.000,4282.322264,-1494.395512,-6070.968496,-53.392,-19.237,1213.743887
21 Mar 2024 13:42:40.000,4310.054573,-1502.508710,-6049.302236,-53.119,-19.219,1213.646210
21 Mar 2024 13:42:45.000,4337.683075,-1510.607983,-6027.497777,-52.847,-19.201,1213.548259
21 Mar 2024 13:42:50.000,4365.207152,-1518.693072,-6005.555617,-52.574,-19.183,1213.450043
21 Mar 2024 13:42:55.000,4392.626189,-1526.763716,-5983.476256,-52.302,-19.166,1213.351571
21 Mar 2024 13:43:00.000,4419.939575,-1534.819654,-5961.260200,-52.029,-19.150,1213.252852
21 Mar 2024 13:43:05.000,4447.146700,-1542.860628,-5938.907955,-51.757,-19.133,1213.153895
21 Mar 2024 13:43:10.000,4474.246957,-1550.886376,-5916.420033,-51.484,-19.118,1213.054708
21 Mar 2024 13:43:15.000,4501.239741,-1558.896637,-5893.796947,-51.212,-19.102,1212.955302
21 Mar 2024 13:43:20.000,4528.124452,-1566.891152,-5871.039214,-50.939,-19.087,1212.855684
21 Mar 2024 13:43:25.000,4554.900490,-1574.869659,-5848.147354,-50.667,-19.073,1212.755864
21 Mar 2024 13:43:30.000,4581.567258,-1582.831898,-5825.121890,-50.394,-19.059,1212.655852
21 Mar 2024 13:43:35.000,4608.124163,-1590.777608,-5801.963348,-50.121,-19.045,1212.555655
21 Mar 2024 13:43:40.000,4634.570614,-1598.706528,-5778.672257,-49.849,-19.032,1212.455284
21 Mar 2024 13:43:45.000,4660.906023,-1606.618398,-5755.249148,-49.576,-19.019,1212.354748
21 Mar 2024 13:43:50.000,4687.129804,-1614.512955,-5731.694559,-49.303,-19.007,1212.254055
21 Mar 2024 13:43:55.000,4713.241373,-1622.389940,-5708.009025,-49.030,-18.994,1212.153215
21 Mar 2024 13:44:00.000,4739.240152,-1630.249092,-5684.193089,-48.757,-18.983,1212.052237
21 Mar 2024 13:44:05.000,4765.125563,-1638.090148,-5660.247294,-48.485,-18.971,1211.951130
21 Mar 2024 13:44:10.000,4790.897030,-1645.912849,-5636.172188,-48.212,-18.960,1211.849904
21 Mar 2024 13:44:15.000,4816.553983,-1653.716933,-5611.968320,-47.939,-18.949,1211.748568
21 Mar 2024 13:44:20.000,4842.095851,-1661.502139,-5587.636244,-47.666,-18.939,1211.647131
21 Mar 2024 13:44:25.000,4867.522070,-1669.268207,-5563.176516,-47.393,-18.929,1211.545602
21 Mar 2024 13:44:30.000,4892.832075,-1677.014874,-5538.589693,-47.120,-18.919,1211.443990
21 Mar 2024 13:44:35.000,4918.025305,-1684.741881,-5513.876339,-46.847,-18.910,1211.342305
21 Mar 2024 13:44:40.000,4943.101204,-1692.448966,-5489.037017,-46.574,-18.900,1211.240556
21 Mar 2024 13:44:45.000,4968.059216,-1700.135868,-5464.072295,-46.301,-18.892,1211.138753
21 Mar 2024 13:44:50.000,4992.898789,-1707.802327,-5438.982743,-46.028,-18.883,1211.036904
21 Mar 2024 13:44:55.000,5017.619374,-1715.448082,-5413.768935,-45.755,-18.875,1210.935020
21 Mar 2024 13:45:00.000,5042.220425,-1723.072872,-5388.431446,-45.482,-18.867,1210.833108
21 Mar 2024 13:45:05.000,5066.701398,-1730.676437,-5362.970856,-45.209,-18.859,1210.731179
21 Mar 2024 13:45:10.000,5091.061753,-1738.258515,-5337.387746,-44.936,-18.852,1210.629243
21 Mar 2024 13:45:15.000,5115.300953,-1745.818848,-5311.682700,-44.663,-18.844,1210.527307
21 Mar 2024 13:45:20.000,5139.418462,-1753.357173,-5285.856306,-44.390,-18.838,1210.425382
21 Mar 2024 13:45:25.000,5163.413750,-1760.873231,-5259.909153,-44.116,-18.831,1210.323476
21 Mar 2024 13:45:30.000,5187.286287,-1768.366763,-5233.841835,-43.843,-18.824,1210.221600
21 Mar 2024 13:45:35.000,5211.035548,-1775.837507,-5207.654948,-43.570,-18.818,1210.119762
21 Mar 2024 13:45:40.000,5234.661011,-1783.285205,-5181.349088,-43.297,-18.812,1210.017972
21 Mar 2024 13:45:45.000,5258.162155,-1790.709596,-5154.924858,-43.023,-18.807,1209.916240
21 Mar 2024 13:45:50.000,5281.538464,-1798.110421,-5128.382860,-42.750,-18.801,1209.814573
21 Mar 2024 13:45:55.000,5304.789424,-1805.487420,-5101.723702,-42.477,-18.796,1209.712982
21 Mar 2024 13:46:00.000,5327.914525,-1812.840335,-5074.947993,-42.203,-18.791,1209.611477
21 Mar 2024 13:46:05.000,5350.913259,-1820.168906,-5048.056343,-41.930,-18.786,1209.510065
21 Mar 2024 13:46:10.000,5373.785121,-1827.472874,-5021.049368,-41.657,-18.782,1209.408757
21 Mar 2024 13:46:15.000,5396.529611,-1834.751981,-4993.927684,-41.383,-18.777,1209.307562
21 Mar 2024 13:46:20.000,5419.146230,-1842.005969,-4966.691911,-41.110,-18.773,1209.206489
21 Mar 2024 13:46:25.000,5441.634482,-1849.234578,-4939.342672,-40.837,-18.769,1209.105547
21 Mar 2024 13:46:30.000,5463.993876,-1856.437552,-4911.880590,-40.563,-18.766,1209.004746
21 Mar 2024 13:46:35.000,5486.223922,-1863.614632,-4884.306294,-40.290,-18.762,1208.904095
21 Mar 2024 13:46:40.000,5508.324135,-1870.765560,-4856.620413,-40.016,-18.759,1208.803603
21 Mar 2024 13:46:45.000,5530.294031,-1877.890080,-4828.823580,-39.743,-18.756,1208.703279
21 Mar 2024 13:46:50.000,5552.133132,-1884.987934,-4800.916430,-39.469,-18.753,1208.603132
21 Mar 2024 13:46:55.000,5573.840960,-1892.058865,-4772.899601,-39.196,-18.750,1208.503172
21 Mar 2024 13:47:00.000,5595.417043,-1899.102617,-4744.773731,-38.922,-18.747,1208.403408
21 Mar 2024 13:47:05.000,5616.860909,-1906.118933,-4716.539465,-38.648,-18.745,1208.303848
21 Mar 2024 13:47:10.000,5638.172093,-1913.107558,-4688.197448,-38.375,-18.743,1208.204503
21 Mar 2024 13:47:15.000,5659.350131,-1920.068235,-4659.748325,-38.101,-18.741,1208.105380
21 Mar 2024 13:47:20.000,5680.394562,-1927.000710,-4631.192748,-37.828,-18.739,1208.006490
21 Mar 2024 13:47:25.000,5701.304929,-1933.904727,-4602.531370,-37.554,-18.737,1207.907841
21 Mar 2024 13:47:30.000,5722.080777,-1940.780032,-4573.764843,-37.280,-18.736,1207.809442
21 Mar 2024 13:47:35.000,5742.721656,-1947.626369,-4544.893827,-37.006,-18.734,1207.711303
21 Mar 2024 13:47:40.000,5763.227119,-1954.443485,-4515.918980,-36.733,-18.733,1207.613432
21 Mar 2024 13:47:45.000,5783.596720,-1961.231126,-4486.840964,-36.459,-18.732,1207.515838
21 Mar 2024 13:47:50.000,5803.830020,-1967.989038,-4457.660444,-36.185,-18.731,1207.418530
21 Mar 2024 13:47:55.000,5823.926579,-1974.716969,-4428.378087,-35.911,-18.730,1207.321518
21 Mar 2024 13:48:00.000,5843.885965,-1981.414665,-4398.994561,-35.638,-18.730,1207.224809
21 Mar 2024 13:48:05.000,5863.707745,-1988.081874,-4369.510537,-35.364,-18.729,1207.128414
21 Mar 2024 13:48:10.000,5883.391492,-1994.718345,-4339.926689,-35.090,-18.729,1207.032340
21 Mar 2024 13:48:15.000,5902.936781,-2001.323825,-4310.243694,-34.816,-18.729,1206.936597
21 Mar 2024 13:48:20.000,5922.343191,-2007.898063,-4280.462228,-34.542,-18.729,1206.841193
21 Mar 2024 13:48:25.000,5941.610304,-2014.440809,-4250.582974,-34.268,-18.729,1206.746138
21 Mar 2024 13:48:30.000,5960.737705,-2020.951812,-4220.606612,-33.995,-18.729,1206.651439
21 Mar 2024 13:48:35.000,5979.724984,-2027.430822,-4190.533828,-33.721,-18.729,1206.557105
21 Mar 2024 13:48:40.000,5998.571733,-2033.877590,-4160.365309,-33.447,-18.730,1206.463146
21 Mar 2024 13:48:45.000,6017.277547,-2040.291866,-4130.101745,-33.173,-18.730,1206.369570
21 Mar 2024 13:48:50.000,6035.842025,-2046.673401,-4099.743825,-32.899,-18.731,1206.276385
21 Mar 2024 13:48:55.000,6054.264769,-2053.021948,-4069.292246,-32.625,-18.732,1206.183600
21 Mar 2024 13:49:00.000,6072.545385,-2059.337259,-4038.747700,-32.351,-18.733,1206.091223
21 Mar 2024 13:49:05.000,6090.683483,-2065.619086,-4008.110888,-32.077,-18.734,1205.999264
21 Mar 2024 13:49:10.000,6108.678675,-2071.867183,-3977.382508,-31.803,-18.735,1205.907730
21 Mar 2024 13:49:15.000,6126.530576,-2078.081304,-3946.563262,-31.529,-18.737,1205.816629
21 Mar 2024 13:49:20.000,6144.238807,-2084.261201,-3915.653856,-31.255,-18.738,1205.725971
21 Mar 2024 13:49:25.000,6161.802990,-2090.406631,-3884.654994,-30.981,-18.740,1205.635763
21 Mar 2024 13:49:30.000,6179.222752,-2096.517348,-3853.567384,-30.707,-18.741,1205.546015
21 Mar 2024 13:49:35.000,6196.497722,-2102.593107,-3822.391738,-30.432,-18.743,1205.456733
21 Mar 2024 13:49:40.000,6213.627533,-2108.633666,-3791.128768,-30.158,-18.745,1205.367926
21 Mar 2024 13:49:45.000,6230.611823,-2114.638781,-3759.779187,-29.884,-18.747,1205.279603
21 Mar 2024 13:49:50.000,6247.450231,-2120.608209,-3728.343712,-29.610,-18.749,1205.191772
21 Mar 2024 13:49:55.000,6264.142401,-2126.541707,-3696.823060,-29.336,-18.751,1205.104440
21 Mar 2024 13:50:00.000,6280.687980,-2132.439035,-3665.217953,-29.062,-18.754,1205.017615