"Time (UTCG)","Satellite10523 - Satellite11501 - x (km)","Satellite10523 - Satellite11501 - y (km)","Satellite10523 - Satellite11501 - z (km)","Lat (deg)","Lon (deg)","Alt (km)"
21 Mar 2024 13:30:00.000,7161.510829,2355.604942,769.446812,5.860,18.207,1200.221331
21 Mar 2024 13:30:05.000,7158.221109,2353.576364,805.424888,6.135,18.201,1200.242512
21 Mar 2024 13:30:10.000,7154.767309,2351.496791,841.384564,6.410,18.194,1200.264649
21 Mar 2024 13:30:15.000,7151.149472,2349.366390,877.325019,6.685,18.187,1200.287740
21 Mar 2024 13:30:20.000,7147.367641,2347.185330,913.245430,6.960,18.180,1200.311783
21 Mar 2024 13:30:25.000,7143.421867,2344.953779,949.144977,7.235,18.173,1200.336776
21 Mar 2024 13:30:30.000,7139.312202,2342.671909,985.022841,7.510,18.167,1200.362716
21 Mar 2024 13:30:35.000,7135.038703,2340.339889,1020.878202,7.785,18.160,1200.389601
21 Mar 2024 13:30:40.000,7130.601430,2337.957893,1056.710240,8.060,18.153,1200.417428
21 Mar 2024 13:30:45.000,7126.000447,2335.526095,1092.518137,8.335,18.146,1200.446195
21 Mar 2024 13:30:50.000,7121.235823,2333.044668,1128.301075,8.610,18.140,1200.475899
21 Mar 2024 13:30:55.000,7116.307630,2330.513790,1164.058236,8.885,18.133,1200.506538
21 Mar 2024 13:31:00.000,7111.215944,2327.933636,1199.788804,9.160,18.126,1200.538108
21 Mar 2024 13:31:05.000,7105.960845,2325.304384,1235.491962,9.435,18.120,1200.570607
21 Mar 2024 13:31:10.000,7100.542415,2322.626214,1271.166894,9.710,18.113,1200.604031
21 Mar 2024 13:31:15.000,7094.960743,2319.899305,1306.812786,9.985,18.107,1200.638379
21 Mar 2024 13:31:20.000,7089.215920,2317.123839,1342.428823,10.260,18.100,1200.673645
21 Mar 2024 13:31:25.000,7083.308041,2314.299997,1378.014192,10.535,18.094,1200.709828
21 Mar 2024 13:31:30.000,7077.237204,2311.427963,1413.568079,10.810,18.087,1200.746924
21 Mar 2024 13:31:35.000,7071.003514,2308.507921,1449.089672,11.085,18.081,1200.784929
21 Mar 2024 13:31:40.000,7064.607075,2305.540055,1484.578161,11.360,18.074,1200.823840
21 Mar 2024 13:31:45.000,7058.048000,2302.524553,1520.032733,11.635,18.068,1200.863653
21 Mar 2024 13:31:50.000,7051.326401,2299.461600,1555.452580,11.910,18.061,1200.904365
21 Mar 2024 13:31:55.000,7044.442397,2296.351386,1590.836891,12.185,18.055,1200.945971
21 Mar 2024 13:32:00.000,7037.396111,2293.194099,1626.184859,12.459,18.049,1200.988469
21 Mar 2024 13:32:05.000,7030.187667,2289.989930,1661.495675,12.734,18.042,1201.031854
21 Mar 2024 13:32:10.000,7022.817196,2286.739069,1696.768534,13.009,18.036,1201.076122
21 Mar 2024 13:32:15.000,7015.284830,2283.441709,1732.002630,13.284,18.030,1201.121269
21 Mar 2024 13:32:20.000,7007.590707,2280.098042,1767.197157,13.559,18.024,1201.167290
21 Mar 2024 13:32:25.000,6999.734969,2276.708262,1802.351311,13.834,18.017,1201.214182
21 Mar 2024 13:32:30.000,6991.717759,2273.272566,1837.464290,14.109,18.011,1201.261941
21 Mar 2024 13:32:35.000,6983.539226,2269.791147,1872.535291,14.383,18.005,1201.310561
21 Mar 2024 13:32:40.000,6975.199524,2266.264203,1907.563513,14.658,17.999,1201.360039
21 Mar 2024 13:32:45.000,6966.698808,2262.691932,1942.548155,14.933,17.993,1201.410369
21 Mar 2024 13:32:50.000,6958.037238,2259.074532,1977.488420,15.208,17.987,1201.461548
21 Mar 2024 13:32:55.000,6949.214978,2255.412202,2012.383507,15.483,17.981,1201.513569
21 Mar 2024 13:33:00.000,6940.232196,2251.705144,2047.232620,15.758,17.975,1201.566430
21 Mar 2024 13:33:05.000,6931.089063,2247.953558,2082.034964,16.032,17.969,1201.620124
21 Mar 2024 13:33:10.000,6921.785755,2244.157646,2116.789742,16.307,17.964,1201.674647
21 Mar 2024 13:33:15.000,6912.322450,2240.317612,2151.496161,16.582,17.958,1201.729994
21 Mar 2024 13:33:20.000,6902.699332,2236.433659,2186.153428,16.857,17.952,1201.786159
21 Mar 2024 13:33:25.000,6892.916587,2232.505993,2220.760751,17.131,17.946,1201.843138
21 Mar 2024 13:33:30.000,6882.974404,2228.534818,2255.317339,17.406,17.941,1201.900924
21 Mar 2024 13:33:35.000,6872.872980,2224.520342,2289.822404,17.681,17.935,1201.959514
21 Mar 2024 13:33:40.000,6862.612510,2220.462771,2324.275157,17.956,17.929,1202.018901
21 Mar 2024 13:33:45.000,6852.193198,2216.362314,2358.674810,18.230,17.924,1202.079080
21 Mar 2024 13:33:50.000,6841.615248,2212.219180,2393.020578,18.505,17.918,1202.140046
21 Mar 2024 13:33:55.000,6830.878870,2208.033578,2427.311677,18.780,17.913,1202.201792
21 Mar 2024 13:34:00.000,6819.984276,2203.805720,2461.547322,19.054,17.908,1202.264314
21 Mar 2024 13:34:05.000,6808.931683,2199.535816,2495.726732,19.329,17.902,1202.327604
21 Mar 2024 13:34:10.000,6797.721312,2195.224079,2529.849125,19.604,17.897,1202.391658
21 Mar 2024 13:34:15.000,6786.353387,2190.870721,2563.913723,19.878,17.892,1202.456470
21 Mar 2024 13:34:20.000,6774.828135,2186.475957,2597.919747,20.153,17.887,1202.522033
21 Mar 2024 13:34:25.000,6763.145789,2182.040002,2631.866421,20.428,17.882,1202.588342
21 Mar 2024 13:34:30.000,6751.306584,2177.563069,2665.752967,20.702,17.877,1202.655390
21 Mar 2024 13:34:35.000,6739.310758,2173.045376,2699.578614,20.977,17.872,1202.723172
21 Mar 2024 13:34:40.000,6727.158555,2168.487139,2733.342587,21.252,17.867,1202.791680
21 Mar 2024 13:34:45.000,6714.850221,2163.888576,2767.044115,21.526,17.862,1202.860910
21 Mar 2024 13:34:50.000,6702.386006,2159.249905,2800.682429,21.801,17.857,1202.930853
21 Mar 2024 13:34:55.000,6689.766164,2154.571346,2834.256760,22.075,17.852,1203.001505
21 Mar 2024 13:35:00.000,6676.990953,2149.853117,2867.766341,22.350,17.847,1203.072857
21 Mar 2024 13:35:05.000,6664.060634,2145.095439,2901.210406,22.624,17.843,1203.144905
21 Mar 2024 13:35:10.000,6650.975472,2140.298534,2934.588191,22.899,17.838,1203.217640
21 Mar 2024 13:35:15.000,6637.735735,2135.462623,2967.898935,23.173,17.834,1203.291057
21 Mar 2024 13:35:20.000,6624.341697,2130.587929,3001.141875,23.448,17.829,1203.365149
21 Mar 2024 13:35:25.000,6610.793632,2125.674675,3034.316252,23.722,17.825,1203.439908
21 Mar 2024 13:35:30.000,6597.091821,2120.723085,3067.421309,23.997,17.821,1203.515329
21 Mar 2024 13:35:35.000,6583.236547,2115.733384,3100.456289,24.271,17.816,1203.591403
21 Mar 2024 13:35:40.000,6569.228097,2110.705797,3133.420438,24.546,17.812,1203.668125
21 Mar 2024 13:35:45.000,6555.066761,2105.640549,3166.313002,24.820,17.808,1203.745486
21 Mar 2024 13:35:50.000,6540.752835,2100.537867,3199.133229,25.095,17.804,1203.823480
21 Mar 2024 13:35:55.000,6526.286614,2095.397978,3231.880371,25.369,17.800,1203.902100
21 Mar 2024 13:36:00.000,6511.668402,2090.221110,3264.553679,25.643,17.796,1203.981338
21 Mar 2024 13:36:05.000,6496.898503,2085.007492,3297.152407,25.918,17.793,1204.061188
21 Mar 2024 13:36:10.000,6481.977225,2079.757353,3329.675809,26.192,17.789,1204.141641
21 Mar 2024 13:36:15.000,6466.904882,2074.470921,3362.123144,26.467,17.785,1204.222690
21 Mar 2024 13:36:20.000,6451.681789,2069.148427,3394.493668,26.741,17.782,1204.304328
21 Mar 2024 13:36:25.000,6436.308266,2063.790103,3426.786644,27.015,17.778,1204.386548
21 Mar 2024 13:36:30.000,6420.784636,2058.396179,3459.001333,27.290,17.775,1204.469341
21 Mar 2024 13:36:35.000,6405.111225,2052.966887,3491.137000,27.564,17.772,1204.552701
21 Mar 2024 13:36:40.000,6389.288363,2047.502460,3523.192909,27.838,17.769,1204.636619
21 Mar 2024 13:36:45.000,6373.316386,2042.003131,3555.168330,28.112,17.765,1204.721088
21 Mar 2024 13:36:50.000,6357.195629,2036.469133,3587.062530,28.387,17.762,1204.806099
21 Mar 2024 13:36:55.000,6340.926434,2030.900701,3618.874783,28.661,17.759,1204.891646
21 Mar 2024 13:37:00.000,6324.509145,2025.298069,3650.604360,28.935,17.757,1204.977721
21 Mar 2024 13:37:05.000,6307.944111,2019.661472,3682.250538,29.209,17.754,1205.064314
21 Mar 2024 13:37:10.000,6291.231682,2013.991147,3713.812592,29.484,17.751,1205.151420
21 Mar 2024 13:37:15.000,6274.372215,2008.287329,3745.289803,29.758,17.749,1205.239028
21 Mar 2024 13:37:20.000,6257.366067,2002.550255,3776.681450,30.032,17.746,1205.327132
21 Mar 2024 13:37:25.000,6240.213600,1996.780163,3807.986817,30.306,17.744,1205.415724
21 Mar 2024 13:37:30.000,6222.915180,1990.977289,3839.205189,30.580,17.742,1205.504794
21 Mar 2024 13:37:35.000,6205.471177,1985.141873,3870.335852,30.854,17.740,1205.594335
21 Mar 2024 13:37:40.000,6187.881962,1979.274153,3901.378095,31.128,17.738,1205.684339
21 Mar 2024 13:37:45.000,6170.147912,1973.374367,3932.331209,31.403,17.736,1205.774798
21 Mar 2024 13:37:50.000,6152.269406,1967.442756,3963.194487,31.677,17.734,1205.865703
21 Mar 2024 13:37:55.000,6134.246827,1961.479560,3993.967224,31.951,17.732,1205.957045
21 Mar 2024 13:38:00.000,6116.080562,1955.485018,4024.648717,32.225,17.731,1206.048817
21 Mar 2024 13:38:05.000,6097.771000,1949.459373,4055.238264,32.499,17.729,1206.141010
21 Mar 2024 13:38:10.000,6079.318534,1943.402864,4085.735168,32.773,17.728,1206.233615
21 Mar 2024 13:38:15.000,6060.723562,1937.315734,4116.138730,33.047,17.727,1206.326625
21 Mar 2024 13:38:20.000,6041.986482,1931.198225,4146.448258,33.321,17.725,1206.420029
21 Mar 2024 13:38:25.000,6023.107700,1925.050580,4176.663057,33.595,17.724,1206.513821
21 Mar 2024 13:38:30.000,6004.087621,1918.873041,4206.782439,33.869,17.724,1206.607991
21 Mar 2024 13:38:35.000,5984.926656,1912.665851,4236.805714,34.143,17.723,1206.702531
21 Mar 2024 13:38:40.000,5965.625218,1906.429254,4266.732197,34.416,17.722,1206.797431
21 Mar 2024 13:38:45.000,5946.183725,1900.163495,4296.561205,34.690,17.722,1206.892684
21 Mar 2024 13:38:50.000,5926.602597,1893.868818,4326.292055,34.964,17.721,1206.988280
21 Mar 2024 13:38:55.000,5906.882258,1887.545466,4355.924069,35.238,17.721,1207.084211
21 Mar 2024 13:39:00.000,5887.023134,1881.193686,4385.456570,35.512,17.721,1207.180468
21 Mar 2024 13:39:05.000,5867.025656,1874.813723,4414.888883,35.786,17.721,1207.277042
21 Mar 2024 13:39:10.000,5846.890258,1868.405822,4444.220335,36.059,17.722,1207.373924
21 Mar 2024 13:39:15.000,5826.617377,1861.970230,4473.450257,36.333,17.722,1207.471106
21 Mar 2024 13:39:20.000,5806.207453,1855.507192,4502.577980,36.607,17.722,1207.568578
21 Mar 2024 13:39:25.000,5785.660929,1849.016956,4531.602840,36.881,17.723,1207.666331
21 Mar 2024 13:39:30.000,5764.978254,1842.499768,4560.524173,37.155,17.724,1207.764357
21 Mar 2024 13:39:35.000,5744.159876,1835.955876,4589.341318,37.428,17.725,1207.862647
21 Mar 2024 13:39:40.000,5723.206249,1829.385527,4618.053617,37.702,17.726,1207.961191
21 Mar 2024 13:39:45.000,5702.117830,1822.788969,4646.660415,37.976,17.727,1208.059981
21 Mar 2024 13:39:50.000,5680.895080,1816.166450,4675.161057,38.249,17.729,1208.159007
21 Mar 2024 13:39:55.000,5659.538460,1809.518218,4703.554893,38.523,17.731,1208.258260
21 Mar 2024 13:40:00.000,5638.048438,1802.844522,4731.841273,38.797,17.732,1208.357732
21 Mar 2024 13:40:05.000,5616.425482,1796.145610,4760.019553,39.070,17.734,1208.457413
21 Mar 2024 13:40:10.000,5594.670067,1789.421731,4788.089087,39.344,17.737,1208.557294
21 Mar 2024 13:40:15.000,5572.782667,1782.673135,4816.049234,39.617,17.739,1208.657366
21 Mar 2024 13:40:20.000,5550.763762,1775.900072,4843.899357,39.891,17.741,1208.757619
21 Mar 2024 13:40:25.000,5528.613835,1769.102790,4871.638818,40.164,17.744,1208.858045
21 Mar 2024 13:40:30.000,5506.333370,1762.281539,4899.266984,40.438,17.747,1208.958635
21 Mar 2024 13:40:35.000,5483.922857,1755.436570,4926.783224,40.711,17.750,1209.059378
21 Mar 2024 13:40:40.000,5461.382787,1748.568132,4954.186909,40.985,17.753,1209.160266
21 Mar 2024 13:40:45.000,5438.713656,1741.676477,4981.477413,41.258,17.757,1209.261291
21 Mar 2024 13:40:50.000,5415.915960,1734.761854,5008.654112,41.532,17.761,1209.362441
21 Mar 2024 13:40:55.000,5392.990202,1727.824515,5035.716386,41.805,17.765,1209.463709
21 Mar 2024 13:41:00.000,5369.936885,1720.864710,5062.663617,42.078,17.769,1209.565085
21 Mar 2024 13:41:05.000,5346.756517,1713.882689,5089.495188,42.352,17.773,1209.666559
21 Mar 2024 13:41:10.000,5323.449608,1706.878705,5116.210487,42.625,17.778,1209.768122
21 Mar 2024 13:41:15.000,5300.016671,1699.853009,5142.808904,42.899,17.782,1209.869766
21 Mar 2024 13:41:20.000,5276.458224,1692.805851,5169.289830,43.172,17.787,1209.971480
21 Mar 2024 13:41:25.000,5252.774785,1685.737483,5195.652662,43.445,17.793,1210.073256
21 Mar 2024 13:41:30.000,5228.966877,1678.648158,5221.896796,43.718,17.798,1210.175084
21 Mar 2024 13:41:35.000,5205.035026,1671.538126,5248.021633,43.992,17.804,1210.276955
21 Mar 2024 13:41:40.000,5180.979760,1664.407639,5274.026576,44.265,17.810,1210.378860
21 Mar 2024 13:41:45.000,5156.801611,1657.256949,5299.911032,44.538,17.816,1210.480788
21 Mar 2024 13:41:50.000,5132.501112,1650.086308,5325.674408,44.811,17.822,1210.582732
21 Mar 2024 13:41:55.000,5108.078802,1642.895968,5351.316116,45.084,17.829,1210.684681
21 Mar 2024 13:42:00.000,5083.535222,1635.686181,5376.835571,45.358,17.836,1210.786626
21 Mar 2024 13:42:05.000,5058.870913,1628.457198,5402.232190,45.631,17.843,1210.888558
21 Mar 2024 13:42:10.000,5034.086423,1621.209273,5427.505391,45.904,17.851,1210.990468
21 Mar 2024 13:42:15.000,5009.182301,1613.942657,5452.654598,46.177,17.859,1211.092346
21 Mar 2024 13:42:20.000,4984.159099,1606.657602,5477.679237,46.450,17.867,1211.194184
21 Mar 2024 13:42:25.000,4959.017371,1599.354361,5502.578735,46.723,17.875,1211.295971
21 Mar 2024 13:42:30.000,4933.757676,1592.033186,5527.352524,46.996,17.884,1211.397698
21 Mar 2024 13:42:35.000,4908.380575,1584.694328,5552.000037,47.269,17.893,1211.499356
21 Mar 2024 13:42:40.000,4882.886630,1577.338040,5576.520712,47.542,17.902,1211.600937
21 Mar 2024 13:42:45.000,4857.276409,1569.964574,5600.913989,47.815,17.912,1211.702430
21 Mar 2024 13:42:50.000,4831.550480,1562.574183,5625.179310,48.088,17.922,1211.803826
21 Mar 2024 13:42:55.000,4805.709416,1555.167118,5649.316121,48.361,17.932,1211.905116
21 Mar 2024 13:43:00.000,4779.753792,1547.743631,5673.323870,48.633,17.943,1212.006291
21 Mar 2024 13:43:05.000,4753.684184,1540.303974,5697.202009,48.906,17.954,1212.107342
21 Mar 2024 13:43:10.000,4727.501174,1532.848400,5720.949993,49.179,17.965,1212.208259
21 Mar 2024 13:43:15.000,4701.205345,1525.377160,5744.567279,49.452,17.976,1212.309033
21 Mar 2024 13:43:20.000,4674.797282,1517.890506,5768.053327,49.725,17.988,1212.409656
21 Mar 2024 13:43:25.000,4648.277574,1510.388690,5791.407600,49.997,18.001,1212.510117
21 Mar 2024 13:43:30.000,4621.646813,1502.871963,5814.629566,50.270,18.014,1212.610407
21 Mar 2024 13:43:35.000,4594.905592,1495.340577,5837.718694,50.543,18.027,1212.710518
21 Mar 2024 13:43:40.000,4568.054508,1487.794783,5860.674456,50.816,18.040,1212.810441
21 Mar 2024 13:43:45.000,4541.094162,1480.234833,5883.496328,51.088,18.054,1212.910165
21 Mar 2024 13:43:50.000,4514.025154,1472.660978,5906.183789,51.361,18.068,1213.009683
21 Mar 2024 13:43:55.000,4486.848090,1465.073469,5928.736319,51.633,18.083,1213.108985
21 Mar 2024 13:44:00.000,4459.563576,1457.472556,5951.153405,51.906,18.098,1213.208062
21 Mar 2024 13:44:05.000,4432.172224,1449.858492,5973.434533,52.179,18.114,1213.306905
21 Mar 2024 13:44:10.000,4404.674645,1442.231526,5995.579195,52.451,18.130,1213.405505
21 Mar 2024 13:44:15.000,4377.071455,1434.591909,6017.586885,52.724,18.147,1213.503853
21 Mar 2024 13:44:20.000,4349.363272,1426.939892,6039.457100,52.996,18.164,1213.601940
21 Mar 2024 13:44:25.000,4321.550715,1419.275724,6061.189341,53.269,18.181,1213.699757
21 Mar 2024 13:44:30.000,4293.634409,1411.599655,6082.783110,53.541,18.199,1213.797295
21 Mar 2024 13:44:35.000,4265.614977,1403.911936,6104.237916,53.813,18.218,1213.894546
21 Mar 2024 13:44:40.000,4237.493049,1396.212816,6125.553266,54.086,18.237,1213.991500
21 Mar 2024 13:44:45.000,4209.269255,1388.502545,6146.728676,54.358,18.256,1214.088149
21 Mar 2024 13:44:50.000,4180.944228,1380.781371,6167.763660,54.630,18.276,1214.184484
21 Mar 2024 13:44:55.000,4152.518602,1373.049544,6188.657738,54.903,18.297,1214.280495
21 Mar 2024 13:45:00.000,4123.993017,1365.307312,6209.410433,55.175,18.318,1214.376175
21 Mar 2024 13:45:05.000,4095.368113,1357.554925,6230.021271,55.447,18.340,1214.471515
21 Mar 2024 13:45:10.000,4066.644532,1349.792629,6250.489781,55.719,18.362,1214.566506
21 Mar 2024 13:45:15.000,4037.822919,1342.020674,6270.815495,55.992,18.385,1214.661139
21 Mar 2024 13:45:20.000,4008.903923,1334.239308,6290.997949,56.264,18.408,1214.755405
21 Mar 2024 13:45:25.000,3979.888192,1326.448777,6311.036682,56.536,18.433,1214.849297
21 Mar 2024 13:45:30.000,3950.776381,1318.649330,6330.931237,56.808,18.457,1214.942805
21 Mar 2024 13:45:35.000,3921.569143,1310.841212,6350.681157,57.080,18.483,1215.035922
21 Mar 2024 13:45:40.000,3892.267136,1303.024672,6370.285993,57.352,18.509,1215.128638
21 Mar 2024 13:45:45.000,3862.871019,1295.199955,6389.745297,57.624,18.536,1215.220945
21 Mar 2024 13:45:50.000,3833.381453,1287.367307,6409.058624,57.896,18.564,1215.312835
21 Mar 2024 13:45:55.000,3803.799104,1279.526975,6428.225532,58.168,18.592,1215.404300
21 Mar 2024 13:46:00.000,3774.124637,1271.679203,6447.245584,58.440,18.621,1215.495330
21 Mar 2024 13:46:05.000,3744.358721,1263.824238,6466.118346,58.712,18.651,1215.585919
21 Mar 2024 13:46:10.000,3714.502026,1255.962323,6484.843385,58.983,18.682,1215.676057
21 Mar 2024 13:46:15.000,3684.555227,1248.093705,6503.420275,59.255,18.713,1215.765736
21 Mar 2024 13:46:20.000,3654.518998,1240.218626,6521.848591,59.527,18.745,1215.854949
21 Mar 2024 13:46:25.000,3624.394017,1232.337330,6540.127912,59.799,18.779,1215.943687
21 Mar 2024 13:46:30.000,3594.180963,1224.450062,6558.257820,60.070,18.813,1216.031942
21 Mar 2024 13:46:35.000,3563.880519,1216.557065,6576.237902,60.342,18.848,1216.119706
21 Mar 2024 13:46:40.000,3533.493369,1208.658580,6594.067746,60.614,18.884,1216.206971
21 Mar 2024 13:46:45.000,3503.020199,1200.754851,6611.746945,60.885,18.921,1216.293730
21 Mar 2024 13:46:50.000,3472.461697,1192.846120,6629.275095,61.157,18.958,1216.379973
21 Mar 2024 13:46:55.000,3441.818554,1184.932628,6646.651796,61.428,18.997,1216.465695
21 Mar 2024 13:47:00.000,3411.091462,1177.014616,6663.876651,61.700,19.037,1216.550886
21 Mar 2024 13:47:05.000,3380.281116,1169.092326,6680.949266,61.971,19.078,1216.635538
21 Mar 2024 13:47:10.000,3349.388214,1161.165998,6697.869252,62.243,19.120,1216.719646
21 Mar 2024 13:47:15.000,3318.413452,1153.235871,6714.636221,62.514,19.164,1216.803199
21 Mar 2024 13:47:20.000,3287.357534,1145.302186,6731.249790,62.785,19.208,1216.886192
21 Mar 2024 13:47:25.000,3256.221160,1137.365181,6747.709581,63.057,19.254,1216.968617
21 Mar 2024 13:47:30.000,3225.005037,1129.425096,6764.015217,63.328,19.301,1217.050465
21 Mar 2024 13:47:35.000,3193.709871,1121.482168,6780.166325,63.599,19.349,1217.131730
21 Mar 2024 13:47:40.000,3162.336370,1113.536636,6796.162537,63.870,19.398,1217.212404
21 Mar 2024 13:47:45.000,3130.885246,1105.588736,6812.003487,64.141,19.449,1217.292481
21 Mar 2024 13:47:50.000,3099.357211,1097.638706,6827.688814,64.412,19.502,1217.371952
21 Mar 2024 13:47:55.000,3067.752980,1089.686782,6843.218158,64.683,19.555,1217.450810
21 Mar 2024 13:48:00.000,3036.073270,1081.733201,6858.591165,64.954,19.611,1217.529049
21 Mar 2024 13:48:05.000,3004.318798,1073.778196,6873.807485,65.225,19.667,1217.606661
21 Mar 2024 13:48:10.000,2972.490285,1065.822005,6888.866768,65.496,19.726,1217.683639
21 Mar 2024 13:48:15.000,2940.588453,1057.864860,6903.768672,65.767,19.786,1217.759976
21 Mar 2024 13:48:20.000,2908.614026,1049.906996,6918.512856,66.037,19.848,1217.835665
21 Mar 2024 13:48:25.000,2876.567730,1041.948647,6933.098982,66.308,19.911,1217.910700
21 Mar 2024 13:48:30.000,2844.450293,1033.990045,6947.526719,66.579,19.977,1217.985074
21 Mar 2024 13:48:35.000,2812.262443,1026.031422,6961.795735,66.849,20.044,1218.058779
21 Mar 2024 13:48:40.000,2780.004913,1018.073011,6975.905706,67.120,20.113,1218.131810
21 Mar 2024 13:48:45.000,2747.678434,1010.115044,6989.856309,67.390,20.185,1218.204159
21 Mar 2024 13:48:50.000,2715.283741,1002.157750,7003.647224,67.661,20.258,1218.275820
21 Mar 2024 13:48:55.000,2682.821571,994.201360,7017.278138,67.931,20.334,1218.346787
21 Mar 2024 13:49:00.000,2650.292662,986.246103,7030.748738,68.201,20.412,1218.417053
21 Mar 2024 13:49:05.000,2617.697754,978.292210,7044.058717,68.471,20.492,1218.486611
21 Mar 2024 13:49:10.000,2585.037587,970.339907,7057.207771,68.741,20.575,1218.555456
21 Mar 2024 13:49:15.000,2552.312906,962.389424,7070.195600,69.011,20.660,1218.623581
21 Mar 2024 13:49:20.000,2519.524454,954.440988,7083.021906,69.281,20.748,1218.690980
21 Mar 2024 13:49:25.000,2486.672978,946.494825,7095.686397,69.551,20.838,1218.757647
21 Mar 2024 13:49:30.000,2453.759225,938.551162,7108.188783,69.821,20.932,1218.823576
21 Mar 2024 13:49:35.000,2420.783946,930.610224,7120.528779,70.091,21.028,1218.888761
21 Mar 2024 13:49:40.000,2387.747891,922.672236,7132.706102,70.360,21.128,1218.953196
21 Mar 2024 13:49:45.000,2354.651813,914.737423,7144.720476,70.630,21.230,1219.016874
21 Mar 2024 13:49:50.000,2321.496466,906.806009,7156.571624,70.899,21.336,1219.079792
21 Mar 2024 13:49:55.000,2288.282605,898.878216,7168.259277,71.168,21.446,1219.141942
21 Mar 2024 13:50:00.000,2255.010988,890.954266,7179.783167,71.438,21.559,1219.203319