"Time (UTCG)","Satellite10712 - Satellite11501 - x (km)","Satellite10712 - Satellite11501 - y (km)","Satellite10712 - Satellite11501 - z (km)","Lat (deg)","Lon (deg)","Alt (km)"
21 Mar 2024 13:30:00.000,11.787688,-473.498492,-7563.320740,-86.437,-88.574,1221.301476
21 Mar 2024 13:30:05.000,40.223005,-451.322359,-7564.578682,-86.591,-84.907,1221.308535
21 Mar 2024 13:30:10.000,68.673589,-429.156731,-7565.663806,-86.731,-80.909,1221.314625
21 Mar 2024 13:30:15.000,97.138784,-407.002124,-7566.576090,-86.853,-76.576,1221.319745
21 Mar 2024 13:30:20.000,125.617937,-384.859051,-7567.315511,-86.955,-71.923,1221.323896
21 Mar 2024 13:30:25.000,154.110392,-362.728025,-7567.882052,-87.036,-66.981,1221.327076
21 Mar 2024 13:30:30.000,182.615492,-340.609558,-7568.275702,-87.093,-61.802,1221.329286
21 Mar 2024 13:30:35.000,211.132581,-318.504161,-7568.496451,-87.126,-56.460,1221.330525
21 Mar 2024 13:30:40.000,239.661002,-296.412345,-7568.544293,-87.133,-51.043,1221.330794
21 Mar 2024 13:30:45.000,268.200096,-274.334620,-7568.419228,-87.114,-45.648,1221.330092
21 Mar 2024 13:30:50.000,296.749205,-252.271495,-7568.121259,-87.070,-40.368,1221.328419
21 Mar 2024 13:30:55.000,325.307670,-230.223477,-7567.650392,-87.002,-35.287,1221.325775
21 Mar 2024 13:31:00.000,353.874830,-208.191075,-7567.006639,-86.912,-30.469,1221.322162
21 Mar 2024 13:31:05.000,382.450025,-186.174795,-7566.190013,-86.800,-25.957,1221.317578
21 Mar 2024 13:31:10.000,411.032595,-164.175142,-7565.200534,-86.670,-21.773,1221.312025
21 Mar 2024 13:31:15.000,439.621878,-142.192622,-7564.038224,-86.524,-17.923,1221.305502
21 Mar 2024 13:31:20.000,468.217211,-120.227737,-7562.703110,-86.363,-14.401,1221.298011
21 Mar 2024 13:31:25.000,496.817933,-98.280992,-7561.195222,-86.190,-11.190,1221.289552
21 Mar 2024 13:31:30.000,525.423380,-76.352888,-7559.514594,-86.005,-8.268,1221.280127
21 Mar 2024 13:31:35.000,554.032889,-54.443927,-7557.661266,-85.811,-5.612,1221.269735
21 Mar 2024 13:31:40.000,582.645796,-32.554608,-7555.635279,-85.608,-3.198,1221.258377
21 Mar 2024 13:31:45.000,611.261436,-10.685433,-7553.436679,-85.399,-1.001,1221.246056
21 Mar 2024 13:31:50.000,639.879145,11.163103,-7551.065518,-85.183,0.999,1221.232771
21 Mar 2024 13:31:55.000,668.498257,32.990499,-7548.521849,-84.961,2.825,1221.218524
21 Mar 2024 13:32:00.000,697.118107,54.796261,-7545.805729,-84.735,4.494,1221.203317
21 Mar 2024 13:32:05.000,725.738029,76.579893,-7542.917222,-84.505,6.024,1221.187151
21 Mar 2024 13:32:10.000,754.357356,98.340900,-7539.856394,-84.271,7.427,1221.170026
21 Mar 2024 13:32:15.000,782.975423,120.078788,-7536.623313,-84.033,8.719,1221.151946
21 Mar 2024 13:32:20.000,811.591561,141.793065,-7533.218054,-83.793,9.910,1221.132911
21 Mar 2024 13:32:25.000,840.205103,163.483239,-7529.640696,-83.551,11.011,1221.112923
21 Mar 2024 13:32:30.000,868.815382,185.148821,-7525.891318,-83.306,12.030,1221.091983
21 Mar 2024 13:32:35.000,897.421730,206.789320,-7521.970008,-83.059,12.976,1221.070095
21 Mar 2024 13:32:40.000,926.023478,228.404247,-7517.876855,-82.810,13.855,1221.047259
21 Mar 2024 13:32:45.000,954.619959,249.993117,-7513.611952,-82.559,14.675,1221.023479
21 Mar 2024 13:32:50.000,983.210503,271.555442,-7509.175397,-82.307,15.440,1220.998755
21 Mar 2024 13:32:55.000,1011.794442,293.090737,-7504.567291,-82.054,16.155,1220.973090
21 Mar 2024 13:33:00.000,1040.371106,314.598519,-7499.787739,-81.800,16.825,1220.946487
21 Mar 2024 13:33:05.000,1068.939826,336.078304,-7494.836850,-81.544,17.453,1220.918948
21 Mar 2024 13:33:10.000,1097.499933,357.529611,-7489.714739,-81.287,18.044,1220.890475
21 Mar 2024 13:33:15.000,1126.050757,378.951958,-7484.421521,-81.030,18.600,1220.861071
21 Mar 2024 13:33:20.000,1154.591628,400.344866,-7478.957317,-80.771,19.124,1220.830739
21 Mar 2024 13:33:25.000,1183.121877,421.707858,-7473.322253,-80.512,19.618,1220.799481
21 Mar 2024 13:33:30.000,1211.640833,443.040455,-7467.516457,-80.252,20.085,1220.767301
21 Mar 2024 13:33:35.000,1240.147826,464.342182,-7461.540062,-79.992,20.527,1220.734201
21 Mar 2024 13:33:40.000,1268.642187,485.612564,-7455.393204,-79.731,20.946,1220.700183
21 Mar 2024 13:33:45.000,1297.123244,506.851127,-7449.076024,-79.469,21.343,1220.665252
21 Mar 2024 13:33:50.000,1325.590329,528.057399,-7442.588666,-79.206,21.720,1220.629411
21 Mar 2024 13:33:55.000,1354.042769,549.230908,-7435.931279,-78.944,22.079,1220.592661
21 Mar 2024 13:34:00.000,1382.479896,570.371185,-7429.104013,-78.681,22.420,1220.555008
21 Mar 2024 13:34:05.000,1410.901038,591.477761,-7422.107026,-78.417,22.744,1220.516454
21 Mar 2024 13:34:10.000,1439.305526,612.550168,-7414.940478,-78.153,23.054,1220.477003
21 Mar 2024 13:34:15.000,1467.692689,633.587941,-7407.604531,-77.888,23.349,1220.436658
21 Mar 2024 13:34:20.000,1496.061857,654.590614,-7400.099353,-77.624,23.631,1220.395423
21 Mar 2024 13:34:25.000,1524.412360,675.557723,-7392.425117,-77.359,23.901,1220.353302
21 Mar 2024 13:34:30.000,1552.743528,696.488807,-7384.581997,-77.093,24.159,1220.310299
21 Mar 2024 13:34:35.000,1581.054692,717.383404,-7376.570172,-76.827,24.406,1220.266417
21 Mar 2024 13:34:40.000,1609.345180,738.241054,-7368.389826,-76.561,24.642,1220.221660
21 Mar 2024 13:34:45.000,1637.614324,759.061300,-7360.041145,-76.295,24.869,1220.176033
21 Mar 2024 13:34:50.000,1665.861453,779.843684,-7351.524321,-76.029,25.086,1220.129539
21 Mar 2024 13:34:55.000,1694.085900,800.587750,-7342.839547,-75.762,25.294,1220.082183
21 Mar 2024 13:35:00.000,1722.286994,821.293044,-7333.987022,-75.495,25.495,1220.033970
21 Mar 2024 13:35:05.000,1750.464066,841.959113,-7324.966948,-75.228,25.687,1219.984902
21 Mar 2024 13:35:10.000,1778.616448,862.585505,-7315.779532,-74.961,25.872,1219.934986
21 Mar 2024 13:35:15.000,1806.743472,883.171771,-7306.424984,-74.693,26.050,1219.884224
21 Mar 2024 13:35:20.000,1834.844468,903.717461,-7296.903516,-74.426,26.222,1219.832623
21 Mar 2024 13:35:25.000,1862.918769,924.222129,-7287.215347,-74.158,26.387,1219.780186
21 Mar 2024 13:35:30.000,1890.965708,944.685327,-7277.360697,-73.890,26.546,1219.726919
21 Mar 2024 13:35:35.000,1918.984616,965.106612,-7267.339793,-73.622,26.699,1219.672826
21 Mar 2024 13:35:40.000,1946.974827,985.485540,-7257.152862,-73.353,26.847,1219.617912
21 Mar 2024 13:35:45.000,1974.935673,1005.821669,-7246.800138,-73.085,26.989,1219.562182
21 Mar 2024 13:35:50.000,2002.866489,1026.114561,-7236.281858,-72.816,27.127,1219.505641
21 Mar 2024 13:35:55.000,2030.766609,1046.363775,-7225.598261,-72.547,27.260,1219.448295
21 Mar 2024 13:36:00.000,2058.635365,1066.568874,-7214.749591,-72.279,27.388,1219.390147
21 Mar 2024 13:36:05.000,2086.472095,1086.729423,-7203.736097,-72.010,27.513,1219.331205
21 Mar 2024 13:36:10.000,2114.276131,1106.844988,-7192.558029,-71.741,27.633,1219.271472
21 Mar 2024 13:36:15.000,2142.046810,1126.915135,-7181.215644,-71.471,27.749,1219.210955
21 Mar 2024 13:36:20.000,2169.783469,1146.939433,-7169.709201,-71.202,27.861,1219.149659
21 Mar 2024 13:36:25.000,2197.485442,1166.917454,-7158.038962,-70.933,27.969,1219.087589
21 Mar 2024 13:36:30.000,2225.152068,1186.848767,-7146.205194,-70.663,28.075,1219.024751
21 Mar 2024 13:36:35.000,2252.782683,1206.732948,-7134.208167,-70.394,28.176,1218.961151
21 Mar 2024 13:36:40.000,2280.376625,1226.569570,-7122.048155,-70.124,28.275,1218.896794
21 Mar 2024 13:36:45.000,2307.933234,1246.358211,-7109.725437,-69.854,28.370,1218.831687
21 Mar 2024 13:36:50.000,2335.451847,1266.098447,-7097.240294,-69.584,28.463,1218.765835
21 Mar 2024 13:36:55.000,2362.931804,1285.789860,-7084.593010,-69.315,28.553,1218.699244
21 Mar 2024 13:37:00.000,2390.372446,1305.432029,-7071.783875,-69.045,28.640,1218.631921
21 Mar 2024 13:37:05.000,2417.773113,1325.024539,-7058.813182,-68.775,28.724,1218.563870
21 Mar 2024 13:37:10.000,2445.133146,1344.566972,-7045.681226,-68.504,28.806,1218.495099
21 Mar 2024 13:37:15.000,2472.451888,1364.058916,-7032.388309,-68.234,28.886,1218.425614
21 Mar 2024 13:37:20.000,2499.728680,1383.499958,-7018.934733,-67.964,28.963,1218.355421
21 Mar 2024 13:37:25.000,2526.962866,1402.889688,-7005.320806,-67.694,29.038,1218.284526
21 Mar 2024 13:37:30.000,2554.153790,1422.227695,-6991.546838,-67.423,29.110,1218.212936
21 Mar 2024 13:37:35.000,2581.300796,1441.513574,-6977.613145,-67.153,29.181,1218.140657
21 Mar 2024 13:37:40.000,2608.403230,1460.746917,-6963.520046,-66.882,29.250,1218.067696
21 Mar 2024 13:37:45.000,2635.460437,1479.927322,-6949.267860,-66.612,29.316,1217.994060
21 Mar 2024 13:37:50.000,2662.471765,1499.054385,-6934.856916,-66.341,29.381,1217.919754
21 Mar 2024 13:37:55.000,2689.436560,1518.127706,-6920.287541,-66.070,29.444,1217.844787
21 Mar 2024 13:38:00.000,2716.354171,1537.146886,-6905.560068,-65.799,29.505,1217.769164
21 Mar 2024 13:38:05.000,2743.223947,1556.111528,-6890.674835,-65.529,29.564,1217.692892
21 Mar 2024 13:38:10.000,2770.045237,1575.021235,-6875.632181,-65.258,29.622,1217.615979
21 Mar 2024 13:38:15.000,2796.817393,1593.875615,-6860.432449,-64.987,29.678,1217.538431
21 Mar 2024 13:38:20.000,2823.539765,1612.674275,-6845.075987,-64.716,29.733,1217.460256
21 Mar 2024 13:38:25.000,2850.211706,1631.416825,-6829.563146,-64.445,29.786,1217.381460
21 Mar 2024 13:38:30.000,2876.832569,1650.102876,-6813.894280,-64.174,29.838,1217.302051
21 Mar 2024 13:38:35.000,2903.401708,1668.732040,-6798.069747,-63.903,29.888,1217.222036
21 Mar 2024 13:38:40.000,2929.918478,1687.303934,-6782.089909,-63.631,29.937,1217.141422
21 Mar 2024 13:38:45.000,2956.382235,1705.818173,-6765.955131,-63.360,29.985,1217.060216
21 Mar 2024 13:38:50.000,2982.792335,1724.274377,-6749.665781,-63.089,30.031,1216.978426
21 Mar 2024 13:38:55.000,3009.148136,1742.672164,-6733.222231,-62.818,30.076,1216.896059
21 Mar 2024 13:39:00.000,3035.448997,1761.011158,-6716.624857,-62.546,30.120,1216.813123
21 Mar 2024 13:39:05.000,3061.694278,1779.290982,-6699.874039,-62.275,30.163,1216.729625
21 Mar 2024 13:39:10.000,3087.883338,1797.511262,-6682.970159,-62.004,30.204,1216.645573
21 Mar 2024 13:39:15.000,3114.015540,1815.671624,-6665.913603,-61.732,30.245,1216.560974
21 Mar 2024 13:39:20.000,3140.090246,1833.771700,-6648.704760,-61.461,30.284,1216.475837
21 Mar 2024 13:39:25.000,3166.106820,1851.811118,-6631.344025,-61.189,30.323,1216.390168
21 Mar 2024 13:39:30.000,3192.064626,1869.789513,-6613.831793,-60.917,30.360,1216.303976
21 Mar 2024 13:39:35.000,3217.963031,1887.706519,-6596.168465,-60.646,30.397,1216.217268
21 Mar 2024 13:39:40.000,3243.801401,1905.561773,-6578.354444,-60.374,30.432,1216.130053
21 Mar 2024 13:39:45.000,3269.579103,1923.354913,-6560.390137,-60.103,30.466,1216.042338
21 Mar 2024 13:39:50.000,3295.295508,1941.085580,-6542.275955,-59.831,30.500,1215.954131
21 Mar 2024 13:39:55.000,3320.949986,1958.753416,-6524.012311,-59.559,30.533,1215.865440
21 Mar 2024 13:40:00.000,3346.541907,1976.358065,-6505.599623,-59.287,30.565,1215.776274
21 Mar 2024 13:40:05.000,3372.070644,1993.899174,-6487.038311,-59.015,30.596,1215.686639
21 Mar 2024 13:40:10.000,3397.535571,2011.376389,-6468.328799,-58.744,30.626,1215.596546
21 Mar 2024 13:40:15.000,3422.936063,2028.789361,-6449.471515,-58.472,30.655,1215.506001
21 Mar 2024 13:40:20.000,3448.271496,2046.137742,-6430.466890,-58.200,30.684,1215.415013
21 Mar 2024 13:40:25.000,3473.541246,2063.421186,-6411.315357,-57.928,30.712,1215.323590
21 Mar 2024 13:40:30.000,3498.744694,2080.639347,-6392.017355,-57.656,30.739,1215.231741
21 Mar 2024 13:40:35.000,3523.881218,2097.791884,-6372.573324,-57.384,30.766,1215.139474
21 Mar 2024 13:40:40.000,3548.950200,2114.878456,-6352.983708,-57.112,30.791,1215.046796
21 Mar 2024 13:40:45.000,3573.951021,2131.898724,-6333.248954,-56.840,30.817,1214.953718
21 Mar 2024 13:40:50.000,3598.883066,2148.852352,-6313.369515,-56.568,30.841,1214.860247
21 Mar 2024 13:40:55.000,3623.745720,2165.739006,-6293.345843,-56.295,30.865,1214.766391
21 Mar 2024 13:41:00.000,3648.538369,2182.558352,-6273.178397,-56.023,30.888,1214.672160
21 Mar 2024 13:41:05.000,3673.260400,2199.310060,-6252.867637,-55.751,30.910,1214.577561
21 Mar 2024 13:41:10.000,3697.911203,2215.993800,-6232.414027,-55.479,30.932,1214.482603
21 Mar 2024 13:41:15.000,3722.490168,2232.609248,-6211.818034,-55.207,30.954,1214.387296
21 Mar 2024 13:41:20.000,3746.996686,2249.156077,-6191.080129,-54.934,30.975,1214.291647
21 Mar 2024 13:41:25.000,3771.430152,2265.633965,-6170.200786,-54.662,30.995,1214.195666
21 Mar 2024 13:41:30.000,3795.789959,2282.042591,-6149.180481,-54.390,31.014,1214.099361
21 Mar 2024 13:41:35.000,3820.075504,2298.381637,-6128.019695,-54.117,31.034,1214.002740
21 Mar 2024 13:41:40.000,3844.286184,2314.650786,-6106.718912,-53.845,31.052,1213.905814
21 Mar 2024 13:41:45.000,3868.421399,2330.849722,-6085.278617,-53.573,31.070,1213.808590
21 Mar 2024 13:41:50.000,3892.480548,2346.978135,-6063.699301,-53.300,31.088,1213.711077
21 Mar 2024 13:41:55.000,3916.463033,2363.035712,-6041.981457,-53.028,31.105,1213.613284
21 Mar 2024 13:42:00.000,3940.368259,2379.022146,-6020.125580,-52.755,31.122,1213.515221
21 Mar 2024 13:42:05.000,3964.195630,2394.937130,-5998.132171,-52.483,31.138,1213.416895
21 Mar 2024 13:42:10.000,3987.944553,2410.780359,-5976.001731,-52.210,31.154,1213.318317
21 Mar 2024 13:42:15.000,4011.614436,2426.551531,-5953.734767,-51.938,31.169,1213.219495
21 Mar 2024 13:42:20.000,4035.204688,2442.250346,-5931.331786,-51.665,31.184,1213.120437
21 Mar 2024 13:42:25.000,4058.714721,2457.876506,-5908.793302,-51.392,31.198,1213.021154
21 Mar 2024 13:42:30.000,4082.143948,2473.429715,-5886.119827,-51.120,31.212,1212.921654
21 Mar 2024 13:42:35.000,4105.491784,2488.909677,-5863.311882,-50.847,31.226,1212.821946
21 Mar 2024 13:42:40.000,4128.757643,2504.316102,-5840.369986,-50.574,31.239,1212.722039
21 Mar 2024 13:42:45.000,4151.940945,2519.648700,-5817.294664,-50.302,31.252,1212.621943
21 Mar 2024 13:42:50.000,4175.041109,2534.907182,-5794.086443,-50.029,31.264,1212.521666
21 Mar 2024 13:42:55.000,4198.057556,2550.091264,-5770.745853,-49.756,31.276,1212.421217
21 Mar 2024 13:43:00.000,4220.989708,2565.200660,-5747.273427,-49.483,31.288,1212.320607
21 Mar 2024 13:43:05.000,4243.836991,2580.235091,-5723.669702,-49.210,31.299,1212.219843
21 Mar 2024 13:43:10.000,4266.598831,2595.194277,-5699.935217,-48.938,31.310,1212.118936
21 Mar 2024 13:43:15.000,4289.274655,2610.077940,-5676.070514,-48.665,31.321,1212.017894
21 Mar 2024 13:43:20.000,4311.863893,2624.885806,-5652.076138,-48.392,31.331,1211.916726
21 Mar 2024 13:43:25.000,4334.365977,2639.617601,-5627.952637,-48.119,31.341,1211.815442
21 Mar 2024 13:43:30.000,4356.780340,2654.273055,-5603.700563,-47.846,31.351,1211.714052
21 Mar 2024 13:43:35.000,4379.106418,2668.851900,-5579.320470,-47.573,31.360,1211.612563
21 Mar 2024 13:43:40.000,4401.343647,2683.353867,-5554.812915,-47.300,31.369,1211.510987
21 Mar 2024 13:43:45.000,4423.491466,2697.778695,-5530.178456,-47.027,31.378,1211.409331
21 Mar 2024 13:43:50.000,4445.549315,2712.126119,-5505.417659,-46.754,31.386,1211.307605
21 Mar 2024 13:43:55.000,4467.516637,2726.395880,-5480.531087,-46.481,31.395,1211.205819
21 Mar 2024 13:44:00.000,4489.392877,2740.587721,-5455.519309,-46.208,31.402,1211.103981
21 Mar 2024 13:44:05.000,4511.177480,2754.701385,-5430.382898,-45.935,31.410,1211.002101
21 Mar 2024 13:44:10.000,4532.869894,2768.736620,-5405.122426,-45.662,31.417,1210.900189
21 Mar 2024 13:44:15.000,4554.469571,2782.693173,-5379.738472,-45.389,31.424,1210.798253
21 Mar 2024 13:44:20.000,4575.975960,2796.570796,-5354.231615,-45.116,31.431,1210.696303
21 Mar 2024 13:44:25.000,4597.388517,2810.369242,-5328.602438,-44.842,31.437,1210.594349
21 Mar 2024 13:44:30.000,4618.706697,2824.088267,-5302.851526,-44.569,31.444,1210.492399
21 Mar 2024 13:44:35.000,4639.929957,2837.727626,-5276.979467,-44.296,31.449,1210.390463
21 Mar 2024 13:44:40.000,4661.057759,2851.287081,-5250.986854,-44.023,31.455,1210.288550
21 Mar 2024 13:44:45.000,4682.089562,2864.766394,-5224.874279,-43.749,31.461,1210.186669
21 Mar 2024 13:44:50.000,4703.024832,2878.165327,-5198.642339,-43.476,31.466,1210.084831
21 Mar 2024 13:44:55.000,4723.863033,2891.483648,-5172.291634,-43.203,31.471,1209.983043
21 Mar 2024 13:45:00.000,4744.603635,2904.721125,-5145.822765,-42.930,31.476,1209.881316
21 Mar 2024 13:45:05.000,4765.246105,2917.877530,-5119.236337,-42.656,31.480,1209.779659
21 Mar 2024 13:45:10.000,4785.789917,2930.952634,-5092.532957,-42.383,31.484,1209.678081
21 Mar 2024 13:45:15.000,4806.234545,2943.946213,-5065.713236,-42.109,31.489,1209.576591
21 Mar 2024 13:45:20.000,4826.579464,2956.858045,-5038.777786,-41.836,31.492,1209.475199
21 Mar 2024 13:45:25.000,4846.824152,2969.687909,-5011.727223,-41.563,31.496,1209.373914
21 Mar 2024 13:45:30.000,4866.968091,2982.435587,-4984.562164,-41.289,31.500,1209.272744
21 Mar 2024 13:45:35.000,4887.010762,2995.100863,-4957.283230,-41.016,31.503,1209.171701
21 Mar 2024 13:45:40.000,4906.951650,3007.683525,-4929.891045,-40.742,31.506,1209.070792
21 Mar 2024 13:45:45.000,4926.790241,3020.183360,-4902.386234,-40.469,31.509,1208.970027
21 Mar 2024 13:45:50.000,4946.526025,3032.600159,-4874.769425,-40.195,31.511,1208.869415
21 Mar 2024 13:45:55.000,4966.158493,3044.933716,-4847.041250,-39.922,31.514,1208.768965
21 Mar 2024 13:46:00.000,4985.687138,3057.183827,-4819.202341,-39.648,31.516,1208.668687
21 Mar 2024 13:46:05.000,5005.111455,3069.350288,-4791.253336,-39.375,31.518,1208.568590
21 Mar 2024 13:46:10.000,5024.430942,3081.432900,-4763.194872,-39.101,31.520,1208.468682
21 Mar 2024 13:46:15.000,5043.645099,3093.431464,-4735.027590,-38.827,31.522,1208.368974
21 Mar 2024 13:46:20.000,5062.753429,3105.345787,-4706.752134,-38.554,31.524,1208.269474
21 Mar 2024 13:46:25.000,5081.755435,3117.175674,-4678.369150,-38.280,31.525,1208.170191
21 Mar 2024 13:46:30.000,5100.650625,3128.920934,-4649.879286,-38.006,31.526,1208.071135
21 Mar 2024 13:46:35.000,5119.438508,3140.581380,-4621.283194,-37.733,31.528,1207.972314
21 Mar 2024 13:46:40.000,5138.118594,3152.156823,-4592.581526,-37.459,31.528,1207.873737
21 Mar 2024 13:46:45.000,5156.690397,3163.647082,-4563.774938,-37.185,31.529,1207.775414
21 Mar 2024 13:46:50.000,5175.153434,3175.051973,-4534.864088,-36.912,31.530,1207.677354
21 Mar 2024 13:46:55.000,5193.507223,3186.371317,-4505.849637,-36.638,31.530,1207.579565
21 Mar 2024 13:47:00.000,5211.751284,3197.604937,-4476.732247,-36.364,31.531,1207.482057
21 Mar 2024 13:47:05.000,5229.885140,3208.752658,-4447.512585,-36.090,31.531,1207.384839
21 Mar 2024 13:47:10.000,5247.908317,3219.814308,-4418.191316,-35.816,31.531,1207.287918
21 Mar 2024 13:47:15.000,5265.820343,3230.789716,-4388.769112,-35.543,31.531,1207.191305
21 Mar 2024 13:47:20.000,5283.620747,3241.678714,-4359.246644,-35.269,31.531,1207.095008
21 Mar 2024 13:47:25.000,5301.309063,3252.481137,-4329.624587,-34.995,31.530,1206.999036
21 Mar 2024 13:47:30.000,5318.884825,3263.196821,-4299.903617,-34.721,31.530,1206.903398
21 Mar 2024 13:47:35.000,5336.347570,3273.825605,-4270.084414,-34.447,31.529,1206.808103
21 Mar 2024 13:47:40.000,5353.696840,3284.367331,-4240.167659,-34.173,31.528,1206.713159
21 Mar 2024 13:47:45.000,5370.932175,3294.821841,-4210.154035,-33.899,31.527,1206.618575
21 Mar 2024 13:47:50.000,5388.053121,3305.188982,-4180.044228,-33.625,31.526,1206.524359
21 Mar 2024 13:47:55.000,5405.059225,3315.468602,-4149.838925,-33.351,31.525,1206.430521
21 Mar 2024 13:48:00.000,5421.950038,3325.660552,-4119.538818,-33.077,31.524,1206.337069
21 Mar 2024 13:48:05.000,5438.725111,3335.764683,-4089.144597,-32.803,31.522,1206.244011
21 Mar 2024 13:48:10.000,5455.383999,3345.780853,-4058.656958,-32.529,31.521,1206.151357
21 Mar 2024 13:48:15.000,5471.926259,3355.708917,-4028.076597,-32.255,31.519,1206.059114
21 Mar 2024 13:48:20.000,5488.351452,3365.548735,-3997.404212,-31.981,31.517,1205.967291
21 Mar 2024 13:48:25.000,5504.659141,3375.300170,-3966.640505,-31.707,31.515,1205.875897
21 Mar 2024 13:48:30.000,5520.848889,3384.963087,-3935.786178,-31.433,31.513,1205.784939
21 Mar 2024 13:48:35.000,5536.920265,3394.537351,-3904.841935,-31.159,31.511,1205.694427
21 Mar 2024 13:48:40.000,5552.872839,3404.022833,-3873.808485,-30.885,31.509,1205.604368
21 Mar 2024 13:48:45.000,5568.706184,3413.419402,-3842.686535,-30.611,31.507,1205.514772
21 Mar 2024 13:48:50.000,5584.419875,3422.726934,-3811.476797,-30.337,31.504,1205.425645
21 Mar 2024 13:48:55.000,5600.013491,3431.945305,-3780.179985,-30.063,31.502,1205.336997
21 Mar 2024 13:49:00.000,5615.486612,3441.074392,-3748.796812,-29.788,31.499,1205.248835
21 Mar 2024 13:49:05.000,5630.838821,3450.114076,-3717.327995,-29.514,31.497,1205.161167
21 Mar 2024 13:49:10.000,5646.069705,3459.064241,-3685.774255,-29.240,31.494,1205.074002
21 Mar 2024 13:49:15.000,5661.178852,3467.924771,-3654.136311,-28.966,31.491,1204.987348
21 Mar 2024 13:49:20.000,5676.165853,3476.695556,-3622.414887,-28.691,31.488,1204.901213
21 Mar 2024 13:49:25.000,5691.030303,3485.376484,-3590.610707,-28.417,31.485,1204.815604
21 Mar 2024 13:49:30.000,5705.771799,3493.967448,-3558.724497,-28.143,31.481,1204.730529
21 Mar 2024 13:49:35.000,5720.389939,3502.468343,-3526.756986,-27.869,31.478,1204.645996
21 Mar 2024 13:49:40.000,5734.884327,3510.879066,-3494.708905,-27.594,31.475,1204.562014
21 Mar 2024 13:49:45.000,5749.254567,3519.199516,-3462.580986,-27.320,31.471,1204.478589
21 Mar 2024 13:49:50.000,5763.500266,3527.429596,-3430.373962,-27.046,31.468,1204.395729
21 Mar 2024 13:49:55.000,5777.621036,3535.569208,-3398.088570,-26.771,31.464,1204.313443
21 Mar 2024 13:50:00.000,5791.616490,3543.618261,-3365.725546,-26.497,31.461,1204.231737