"Time (UTCG)","Satellite10517 - Satellite11501 - x (km)","Satellite10517 - Satellite11501 - y (km)","Satellite10517 - Satellite11501 - z (km)","Lat (deg)","Lon (deg)","Alt (km)"
21 Mar 2024 13:30:00.000,4897.847725,1281.321903,-5638.923854,-48.243,14.661,1211.861452
21 Mar 2024 13:30:05.000,4923.564270,1288.978187,-5614.731561,-47.970,14.671,1211.760115
21 Mar 2024 13:30:10.000,4949.174560,1296.586468,-5590.410996,-47.697,14.680,1211.658676
21 Mar 2024 13:30:15.000,4974.677976,1304.146649,-5565.962715,-47.424,14.690,1211.557144
21 Mar 2024 13:30:20.000,5000.073906,1311.658637,-5541.387277,-47.151,14.699,1211.455529
21 Mar 2024 13:30:25.000,5025.361736,1319.122341,-5516.685242,-46.878,14.708,1211.353840
21 Mar 2024 13:30:30.000,5050.540857,1326.537669,-5491.857177,-46.605,14.716,1211.252086
21 Mar 2024 13:30:35.000,5075.610663,1333.904534,-5466.903647,-46.332,14.725,1211.150276
21 Mar 2024 13:30:40.000,5100.570548,1341.222847,-5441.825223,-46.059,14.733,1211.048420
21 Mar 2024 13:30:45.000,5125.419909,1348.492524,-5416.622477,-45.786,14.740,1210.946527
21 Mar 2024 13:30:50.000,5150.158148,1355.713478,-5391.295986,-45.513,14.748,1210.844606
21 Mar 2024 13:30:55.000,5174.784666,1362.885629,-5365.846328,-45.240,14.755,1210.742667
21 Mar 2024 13:31:00.000,5199.298868,1370.008895,-5340.274084,-44.967,14.762,1210.640719
21 Mar 2024 13:31:05.000,5223.700163,1377.083196,-5314.579839,-44.693,14.768,1210.538771
21 Mar 2024 13:31:10.000,5247.987960,1384.108454,-5288.764180,-44.420,14.775,1210.436833
21 Mar 2024 13:31:15.000,5272.161671,1391.084593,-5262.827696,-44.147,14.781,1210.334914
21 Mar 2024 13:31:20.000,5296.220712,1398.011538,-5236.770980,-43.874,14.787,1210.233023
21 Mar 2024 13:31:25.000,5320.164500,1404.889215,-5210.594628,-43.601,14.792,1210.131169
21 Mar 2024 13:31:30.000,5343.992456,1411.717552,-5184.299236,-43.327,14.798,1210.029362
21 Mar 2024 13:31:35.000,5367.704002,1418.496479,-5157.885407,-43.054,14.803,1209.927612
21 Mar 2024 13:31:40.000,5391.298564,1425.225928,-5131.353743,-42.781,14.808,1209.825927
21 Mar 2024 13:31:45.000,5414.775570,1431.905830,-5104.704851,-42.507,14.812,1209.724317
21 Mar 2024 13:31:50.000,5438.134450,1438.536121,-5077.939339,-42.234,14.817,1209.622790
21 Mar 2024 13:31:55.000,5461.374637,1445.116735,-5051.057819,-41.961,14.821,1209.521358
21 Mar 2024 13:32:00.000,5484.495568,1451.647612,-5024.060904,-41.687,14.825,1209.420027
21 Mar 2024 13:32:05.000,5507.496680,1458.128688,-4996.949213,-41.414,14.829,1209.318809
21 Mar 2024 13:32:10.000,5530.377416,1464.559905,-4969.723363,-41.140,14.833,1209.217712
21 Mar 2024 13:32:15.000,5553.137219,1470.941205,-4942.383978,-40.867,14.836,1209.116745
21 Mar 2024 13:32:20.000,5575.775536,1477.272532,-4914.931681,-40.593,14.839,1209.015918
21 Mar 2024 13:32:25.000,5598.291815,1483.553829,-4887.367100,-40.320,14.842,1208.915240
21 Mar 2024 13:32:30.000,5620.685510,1489.785045,-4859.690865,-40.046,14.845,1208.814720
21 Mar 2024 13:32:35.000,5642.956075,1495.966127,-4831.903608,-39.773,14.848,1208.714367
21 Mar 2024 13:32:40.000,5665.102967,1502.097024,-4804.005963,-39.499,14.850,1208.614191
21 Mar 2024 13:32:45.000,5687.125647,1508.177688,-4775.998568,-39.226,14.852,1208.514200
21 Mar 2024 13:32:50.000,5709.023578,1514.208072,-4747.882063,-38.952,14.855,1208.414404
21 Mar 2024 13:32:55.000,5730.796226,1520.188130,-4719.657090,-38.679,14.856,1208.314812
21 Mar 2024 13:33:00.000,5752.443060,1526.117818,-4691.324295,-38.405,14.858,1208.215434
21 Mar 2024 13:33:05.000,5773.963551,1531.997093,-4662.884323,-38.131,14.860,1208.116277
21 Mar 2024 13:33:10.000,5795.357174,1537.825913,-4634.337825,-37.858,14.861,1208.017352
21 Mar 2024 13:33:15.000,5816.623405,1543.604240,-4605.685454,-37.584,14.862,1207.918667
21 Mar 2024 13:33:20.000,5837.761726,1549.332036,-4576.927863,-37.310,14.864,1207.820232
21 Mar 2024 13:33:25.000,5858.771619,1555.009262,-4548.065710,-37.036,14.864,1207.722055
21 Mar 2024 13:33:30.000,5879.652569,1560.635886,-4519.099654,-36.763,14.865,1207.624145
21 Mar 2024 13:33:35.000,5900.404067,1566.211873,-4490.030357,-36.489,14.866,1207.526512
21 Mar 2024 13:33:40.000,5921.025603,1571.737191,-4460.858483,-36.215,14.866,1207.429164
21 Mar 2024 13:33:45.000,5941.516672,1577.211809,-4431.584698,-35.941,14.867,1207.332110
21 Mar 2024 13:33:50.000,5961.876772,1582.635699,-4402.209671,-35.668,14.867,1207.235360
21 Mar 2024 13:33:55.000,5982.105403,1588.008834,-4372.734074,-35.394,14.867,1207.138922
21 Mar 2024 13:34:00.000,6002.202069,1593.331187,-4343.158579,-35.120,14.867,1207.042804
21 Mar 2024 13:34:05.000,6022.166276,1598.602734,-4313.483863,-34.846,14.866,1206.947017
21 Mar 2024 13:34:10.000,6041.997534,1603.823452,-4283.710602,-34.572,14.866,1206.851567
21 Mar 2024 13:34:15.000,6061.695355,1608.993320,-4253.839478,-34.298,14.866,1206.756465
21 Mar 2024 13:34:20.000,6081.259255,1614.112318,-4223.871173,-34.024,14.865,1206.661719
21 Mar 2024 13:34:25.000,6100.688752,1619.180427,-4193.806372,-33.750,14.864,1206.567338
21 Mar 2024 13:34:30.000,6119.983368,1624.197631,-4163.645760,-33.477,14.863,1206.473330
21 Mar 2024 13:34:35.000,6139.142628,1629.163914,-4133.390028,-33.203,14.862,1206.379704
21 Mar 2024 13:34:40.000,6158.166059,1634.079263,-4103.039867,-32.929,14.861,1206.286469
21 Mar 2024 13:34:45.000,6177.053191,1638.943665,-4072.595969,-32.655,14.860,1206.193633
21 Mar 2024 13:34:50.000,6195.803559,1643.757109,-4042.059031,-32.381,14.858,1206.101204
21 Mar 2024 13:34:55.000,6214.416700,1648.519586,-4011.429750,-32.107,14.857,1206.009192
21 Mar 2024 13:35:00.000,6232.892154,1653.231088,-3980.708826,-31.832,14.855,1205.917604
21 Mar 2024 13:35:05.000,6251.229464,1657.891609,-3949.896961,-31.558,14.853,1205.826449
21 Mar 2024 13:35:10.000,6269.428175,1662.501143,-3918.994858,-31.284,14.852,1205.735736
21 Mar 2024 13:35:15.000,6287.487839,1667.059688,-3888.003223,-31.010,14.850,1205.645472
21 Mar 2024 13:35:20.000,6305.408007,1671.567242,-3856.922765,-30.736,14.848,1205.555667
21 Mar 2024 13:35:25.000,6323.188234,1676.023804,-3825.754194,-30.462,14.845,1205.466328
21 Mar 2024 13:35:30.000,6340.828081,1680.429375,-3794.498221,-30.188,14.843,1205.377463
21 Mar 2024 13:35:35.000,6358.327109,1684.783958,-3763.155561,-29.914,14.841,1205.289081
21 Mar 2024 13:35:40.000,6375.684884,1689.087557,-3731.726930,-29.640,14.838,1205.201189
21 Mar 2024 13:35:45.000,6392.900973,1693.340176,-3700.213045,-29.365,14.836,1205.113797
21 Mar 2024 13:35:50.000,6409.974950,1697.541825,-3668.614628,-29.091,14.833,1205.026911
21 Mar 2024 13:35:55.000,6426.906388,1701.692509,-3636.932399,-28.817,14.830,1204.940540
21 Mar 2024 13:36:00.000,6443.694867,1705.792241,-3605.167082,-28.543,14.827,1204.854692
21 Mar 2024 13:36:05.000,6460.339967,1709.841030,-3573.319403,-28.268,14.824,1204.769375
21 Mar 2024 13:36:10.000,6476.841273,1713.838890,-3541.390090,-27.994,14.821,1204.684597
21 Mar 2024 13:36:15.000,6493.198374,1717.785836,-3509.379872,-27.720,14.818,1204.600364
21 Mar 2024 13:36:20.000,6509.410861,1721.681882,-3477.289481,-27.446,14.815,1204.516686
21 Mar 2024 13:36:25.000,6525.478328,1725.527045,-3445.119649,-27.171,14.812,1204.433570
21 Mar 2024 13:36:30.000,6541.400374,1729.321346,-3412.871111,-26.897,14.808,1204.351023
21 Mar 2024 13:36:35.000,6557.176599,1733.064803,-3380.544605,-26.623,14.805,1204.269053
21 Mar 2024 13:36:40.000,6572.806609,1736.757439,-3348.140868,-26.348,14.801,1204.187668
21 Mar 2024 13:36:45.000,6588.290010,1740.399276,-3315.660641,-26.074,14.798,1204.106875
21 Mar 2024 13:36:50.000,6603.626416,1743.990339,-3283.104667,-25.800,14.794,1204.026681
21 Mar 2024 13:36:55.000,6618.815439,1747.530653,-3250.473688,-25.525,14.790,1203.947095
21 Mar 2024 13:37:00.000,6633.856698,1751.020246,-3217.768450,-25.251,14.786,1203.868122
21 Mar 2024 13:37:05.000,6648.749815,1754.459146,-3184.989701,-24.976,14.782,1203.789771
21 Mar 2024 13:37:10.000,6663.494414,1757.847384,-3152.138189,-24.702,14.778,1203.712049
21 Mar 2024 13:37:15.000,6678.090123,1761.184991,-3119.214665,-24.427,14.774,1203.634963
21 Mar 2024 13:37:20.000,6692.536574,1764.472001,-3086.219880,-24.153,14.770,1203.558519
21 Mar 2024 13:37:25.000,6706.833403,1767.708447,-3053.154590,-23.879,14.766,1203.482726
21 Mar 2024 13:37:30.000,6720.980246,1770.894366,-3020.019548,-23.604,14.761,1203.407590
21 Mar 2024 13:37:35.000,6734.976746,1774.029794,-2986.815513,-23.330,14.757,1203.333118
21 Mar 2024 13:37:40.000,6748.822549,1777.114770,-2953.543242,-23.055,14.752,1203.259316
21 Mar 2024 13:37:45.000,6762.517303,1780.149335,-2920.203496,-22.781,14.748,1203.186192
21 Mar 2024 13:37:50.000,6776.060661,1783.133530,-2886.797036,-22.506,14.743,1203.113752
21 Mar 2024 13:37:55.000,6789.452277,1786.067397,-2853.324626,-22.231,14.739,1203.042004
21 Mar 2024 13:38:00.000,6802.691811,1788.950981,-2819.787031,-21.957,14.734,1202.970952
21 Mar 2024 13:38:05.000,6815.778926,1791.784328,-2786.185015,-21.682,14.729,1202.900606
21 Mar 2024 13:38:10.000,6828.713288,1794.567483,-2752.519348,-21.408,14.724,1202.830969
21 Mar 2024 13:38:15.000,6841.494567,1797.300497,-2718.790799,-21.133,14.719,1202.762050
21 Mar 2024 13:38:20.000,6854.122435,1799.983418,-2685.000137,-20.859,14.714,1202.693854
21 Mar 2024 13:38:25.000,6866.596569,1802.616299,-2651.148135,-20.584,14.709,1202.626388
21 Mar 2024 13:38:30.000,6878.916649,1805.199190,-2617.235566,-20.309,14.704,1202.559658
21 Mar 2024 13:38:35.000,6891.082360,1807.732146,-2583.263204,-20.035,14.699,1202.493670
21 Mar 2024 13:38:40.000,6903.093388,1810.215223,-2549.231827,-19.760,14.694,1202.428430
21 Mar 2024 13:38:45.000,6914.949425,1812.648476,-2515.142212,-19.485,14.689,1202.363944
21 Mar 2024 13:38:50.000,6926.650164,1815.031965,-2480.995136,-19.211,14.683,1202.300219
21 Mar 2024 13:38:55.000,6938.195303,1817.365748,-2446.791381,-18.936,14.678,1202.237259
21 Mar 2024 13:39:00.000,6949.584545,1819.649885,-2412.531728,-18.661,14.673,1202.175071
21 Mar 2024 13:39:05.000,6960.817594,1821.884440,-2378.216959,-18.387,14.667,1202.113661
21 Mar 2024 13:39:10.000,6971.894158,1824.069474,-2343.847859,-18.112,14.662,1202.053034
21 Mar 2024 13:39:15.000,6982.813951,1826.205054,-2309.425212,-17.837,14.656,1201.993195
21 Mar 2024 13:39:20.000,6993.576689,1828.291244,-2274.949805,-17.562,14.651,1201.934152
21 Mar 2024 13:39:25.000,7004.182089,1830.328113,-2240.422426,-17.288,14.645,1201.875907
21 Mar 2024 13:39:30.000,7014.629877,1832.315729,-2205.843863,-17.013,14.639,1201.818468
21 Mar 2024 13:39:35.000,7024.919778,1834.254161,-2171.214907,-16.738,14.634,1201.761840
21 Mar 2024 13:39:40.000,7035.051524,1836.143481,-2136.536348,-16.463,14.628,1201.706027
21 Mar 2024 13:39:45.000,7045.024847,1837.983763,-2101.808979,-16.189,14.622,1201.651035
21 Mar 2024 13:39:50.000,7054.839486,1839.775079,-2067.033592,-15.914,14.616,1201.596869
21 Mar 2024 13:39:55.000,7064.495183,1841.517504,-2032.210984,-15.639,14.610,1201.543533
21 Mar 2024 13:40:00.000,7073.991682,1843.211117,-1997.341948,-15.364,14.604,1201.491034
21 Mar 2024 13:40:05.000,7083.328731,1844.855993,-1962.427282,-15.089,14.598,1201.439375
21 Mar 2024 13:40:10.000,7092.506085,1846.452213,-1927.467784,-14.815,14.592,1201.388562
21 Mar 2024 13:40:15.000,7101.523497,1847.999856,-1892.464251,-14.540,14.586,1201.338599
21 Mar 2024 13:40:20.000,7110.380729,1849.499005,-1857.417484,-14.265,14.580,1201.289490
21 Mar 2024 13:40:25.000,7119.077544,1850.949741,-1822.328284,-13.990,14.574,1201.241241
21 Mar 2024 13:40:30.000,7127.613708,1852.352151,-1787.197451,-13.715,14.568,1201.193855
21 Mar 2024 13:40:35.000,7135.988993,1853.706318,-1752.025789,-13.440,14.562,1201.147338
21 Mar 2024 13:40:40.000,7144.203174,1855.012330,-1716.814101,-13.166,14.556,1201.101693
21 Mar 2024 13:40:45.000,7152.256028,1856.270274,-1681.563192,-12.891,14.549,1201.056925
21 Mar 2024 13:40:50.000,7160.147338,1857.480241,-1646.273866,-12.616,14.543,1201.013037
21 Mar 2024 13:40:55.000,7167.876890,1858.642320,-1610.946930,-12.341,14.537,1200.970035
21 Mar 2024 13:41:00.000,7175.444472,1859.756602,-1575.583192,-12.066,14.530,1200.927921
21 Mar 2024 13:41:05.000,7182.849879,1860.823182,-1540.183458,-11.791,14.524,1200.886699
21 Mar 2024 13:41:10.000,7190.092908,1861.842154,-1504.748538,-11.516,14.518,1200.846375
21 Mar 2024 13:41:15.000,7197.173358,1862.813612,-1469.279241,-11.241,14.511,1200.806950
21 Mar 2024 13:41:20.000,7204.091036,1863.737653,-1433.776378,-10.966,14.505,1200.768429
21 Mar 2024 13:41:25.000,7210.845748,1864.614375,-1398.240760,-10.691,14.498,1200.730816
21 Mar 2024 13:41:30.000,7217.437307,1865.443878,-1362.673198,-10.416,14.492,1200.694114
21 Mar 2024 13:41:35.000,7223.865530,1866.226261,-1327.074505,-10.142,14.485,1200.658325
21 Mar 2024 13:41:40.000,7230.130235,1866.961627,-1291.445494,-9.867,14.479,1200.623455
21 Mar 2024 13:41:45.000,7236.231246,1867.650077,-1255.786980,-9.592,14.472,1200.589505
21 Mar 2024 13:41:50.000,7242.168390,1868.291716,-1220.099776,-9.317,14.465,1200.556479
21 Mar 2024 13:41:55.000,7247.941499,1868.886649,-1184.384699,-9.042,14.459,1200.524380
21 Mar 2024 13:42:00.000,7253.550407,1869.434981,-1148.642564,-8.767,14.452,1200.493211
21 Mar 2024 13:42:05.000,7258.994952,1869.936821,-1112.874187,-8.492,14.445,1200.462975
21 Mar 2024 13:42:10.000,7264.274978,1870.392277,-1077.080386,-8.217,14.439,1200.433675
21 Mar 2024 13:42:15.000,7269.390331,1870.801459,-1041.261979,-7.942,14.432,1200.405313
21 Mar 2024 13:42:20.000,7274.340860,1871.164478,-1005.419784,-7.667,14.425,1200.377892
21 Mar 2024 13:42:25.000,7279.126420,1871.481445,-969.554619,-7.392,14.419,1200.351414
21 Mar 2024 13:42:30.000,7283.746867,1871.752475,-933.667304,-7.117,14.412,1200.325883
21 Mar 2024 13:42:35.000,7288.202065,1871.977681,-897.758659,-6.842,14.405,1200.301299
21 Mar 2024 13:42:40.000,7292.491878,1872.157179,-861.829505,-6.567,14.398,1200.277666
21 Mar 2024 13:42:45.000,7296.616176,1872.291086,-825.880661,-6.292,14.391,1200.254986
21 Mar 2024 13:42:50.000,7300.574831,1872.379519,-789.912950,-6.017,14.385,1200.233261
21 Mar 2024 13:42:55.000,7304.367720,1872.422597,-753.927193,-5.742,14.378,1200.212493
21 Mar 2024 13:43:00.000,7307.994725,1872.420441,-717.924212,-5.467,14.371,1200.192684
21 Mar 2024 13:43:05.000,7311.455731,1872.373172,-681.904829,-5.192,14.364,1200.173835
21 Mar 2024 13:43:10.000,7314.750624,1872.280911,-645.869868,-4.917,14.357,1200.155948
21 Mar 2024 13:43:15.000,7317.879299,1872.143783,-609.820152,-4.642,14.350,1200.139026
21 Mar 2024 13:43:20.000,7320.841650,1871.961911,-573.756505,-4.367,14.343,1200.123069
21 Mar 2024 13:43:25.000,7323.637579,1871.735421,-537.679749,-4.092,14.336,1200.108079
21 Mar 2024 13:43:30.000,7326.266989,1871.464440,-501.590710,-3.817,14.330,1200.094058
21 Mar 2024 13:43:35.000,7328.729789,1871.149096,-465.490212,-3.542,14.323,1200.081006
21 Mar 2024 13:43:40.000,7331.025889,1870.789517,-429.379079,-3.266,14.316,1200.068925
21 Mar 2024 13:43:45.000,7333.155205,1870.385833,-393.258137,-2.991,14.309,1200.057817
21 Mar 2024 13:43:50.000,7335.117658,1869.938175,-357.128211,-2.716,14.302,1200.047681
21 Mar 2024 13:43:55.000,7336.913170,1869.446675,-320.990126,-2.441,14.295,1200.038520
21 Mar 2024 13:44:00.000,7338.541668,1868.911466,-284.844708,-2.166,14.288,1200.030333
21 Mar 2024 13:44:05.000,7340.003084,1868.332682,-248.692782,-1.891,14.281,1200.023122
21 Mar 2024 13:44:10.000,7341.297353,1867.710459,-212.535175,-1.616,14.274,1200.016887
21 Mar 2024 13:44:15.000,7342.424414,1867.044932,-176.372713,-1.341,14.267,1200.011630
21 Mar 2024 13:44:20.000,7343.384210,1866.336238,-140.206221,-1.066,14.260,1200.007349
21 Mar 2024 13:44:25.000,7344.176687,1865.584516,-104.036526,-0.791,14.253,1200.004046
21 Mar 2024 13:44:30.000,7344.801796,1864.789905,-67.864454,-0.516,14.246,1200.001722
21 Mar 2024 13:44:35.000,7345.259491,1863.952545,-31.690832,-0.241,14.239,1200.000375
21 Mar 2024 13:44:40.000,7345.549732,1863.072577,4.483514,0.034,14.232,1200.000008
21 Mar 2024 13:44:45.000,7345.672480,1862.150144,40.657757,0.309,14.225,1200.000618
21 Mar 2024 13:44:50.000,7345.627701,1861.185389,76.831072,0.584,14.218,1200.002207
21 Mar 2024 13:44:55.000,7345.415367,1860.178455,113.002632,0.859,14.211,1200.004774
21 Mar 2024 13:45:00.000,7345.035450,1859.129488,149.171610,1.134,14.204,1200.008319
21 Mar 2024 13:45:05.000,7344.487930,1858.038635,185.337180,1.409,14.197,1200.012842
21 Mar 2024 13:45:10.000,7343.772787,1856.906041,221.498516,1.684,14.190,1200.018342
21 Mar 2024 13:45:15.000,7342.890008,1855.731857,257.654791,1.959,14.183,1200.024819
21 Mar 2024 13:45:20.000,7341.839583,1854.516229,293.805181,2.234,14.176,1200.032272
21 Mar 2024 13:45:25.000,7340.621505,1853.259309,329.948858,2.510,14.169,1200.040700
21 Mar 2024 13:45:30.000,7339.235771,1851.961246,366.084998,2.785,14.162,1200.050103
21 Mar 2024 13:45:35.000,7337.682384,1850.622194,402.212774,3.060,14.155,1200.060480
21 Mar 2024 13:45:40.000,7335.961349,1849.242305,438.331361,3.335,14.148,1200.071829
21 Mar 2024 13:45:45.000,7334.072674,1847.821732,474.439934,3.610,14.141,1200.084151
21 Mar 2024 13:45:50.000,7332.016374,1846.360630,510.537669,3.885,14.134,1200.097443
21 Mar 2024 13:45:55.000,7329.792465,1844.859154,546.623740,4.160,14.128,1200.111705
21 Mar 2024 13:46:00.000,7327.400969,1843.317462,582.697323,4.435,14.121,1200.126934
21 Mar 2024 13:46:05.000,7324.841910,1841.735710,618.757594,4.710,14.114,1200.143131
21 Mar 2024 13:46:10.000,7322.115318,1840.114056,654.803730,4.985,14.107,1200.160292
21 Mar 2024 13:46:15.000,7319.221225,1838.452660,690.834906,5.260,14.100,1200.178417
21 Mar 2024 13:46:20.000,7316.159669,1836.751681,726.850299,5.535,14.093,1200.197505
21 Mar 2024 13:46:25.000,7312.930689,1835.011281,762.849087,5.810,14.086,1200.217552
21 Mar 2024 13:46:30.000,7309.534331,1833.231620,798.830448,6.085,14.079,1200.238558
21 Mar 2024 13:46:35.000,7305.970643,1831.412863,834.793559,6.360,14.073,1200.260520
21 Mar 2024 13:46:40.000,7302.239677,1829.555171,870.737598,6.635,14.066,1200.283436
21 Mar 2024 13:46:45.000,7298.341491,1827.658709,906.661745,6.910,14.059,1200.307305
21 Mar 2024 13:46:50.000,7294.276143,1825.723643,942.565179,7.185,14.052,1200.332123
21 Mar 2024 13:46:55.000,7290.043699,1823.750138,978.447080,7.460,14.045,1200.357889
21 Mar 2024 13:47:00.000,7285.644227,1821.738361,1014.306627,7.735,14.039,1200.384601
21 Mar 2024 13:47:05.000,7281.077798,1819.688479,1050.143002,8.010,14.032,1200.412256
21 Mar 2024 13:47:10.000,7276.344489,1817.600662,1085.955386,8.285,14.025,1200.440851
21 Mar 2024 13:47:15.000,7271.444380,1815.475077,1121.742961,8.560,14.019,1200.470383
21 Mar 2024 13:47:20.000,7266.377553,1813.311895,1157.504909,8.835,14.012,1200.500851
21 Mar 2024 13:47:25.000,7261.144098,1811.111288,1193.240413,9.110,14.005,1200.532250
21 Mar 2024 13:47:30.000,7255.744105,1808.873425,1228.948657,9.385,13.999,1200.564579
21 Mar 2024 13:47:35.000,7250.177671,1806.598480,1264.628825,9.660,13.992,1200.597835
21 Mar 2024 13:47:40.000,7244.444894,1804.286626,1300.280102,9.935,13.985,1200.632013
21 Mar 2024 13:47:45.000,7238.545878,1801.938037,1335.901673,10.210,13.979,1200.667111
21 Mar 2024 13:47:50.000,7232.480730,1799.552887,1371.492725,10.485,13.972,1200.703126
21 Mar 2024 13:47:55.000,7226.249561,1797.131352,1407.052444,10.760,13.966,1200.740055
21 Mar 2024 13:48:00.000,7219.852486,1794.673607,1442.580019,11.034,13.959,1200.777893
21 Mar 2024 13:48:05.000,7213.289625,1792.179830,1478.074637,11.309,13.953,1200.816639
21 Mar 2024 13:48:10.000,7206.561100,1789.650198,1513.535488,11.584,13.946,1200.856287
21 Mar 2024 13:48:15.000,7199.667038,1787.084889,1548.961761,11.859,13.940,1200.896834
21 Mar 2024 13:48:20.000,7192.607569,1784.484083,1584.352648,12.134,13.934,1200.938277
21 Mar 2024 13:48:25.000,7185.382827,1781.847960,1619.707339,12.409,13.927,1200.980612
21 Mar 2024 13:48:30.000,7177.992953,1779.176699,1655.025027,12.684,13.921,1201.023834
21 Mar 2024 13:48:35.000,7170.438086,1776.470481,1690.304905,12.959,13.915,1201.067940
21 Mar 2024 13:48:40.000,7162.718375,1773.729490,1725.546167,13.234,13.909,1201.112926
21 Mar 2024 13:48:45.000,7154.833968,1770.953906,1760.748008,13.509,13.902,1201.158788
21 Mar 2024 13:48:50.000,7146.785019,1768.143914,1795.909624,13.783,13.896,1201.205521
21 Mar 2024 13:48:55.000,7138.571687,1765.299697,1831.030212,14.058,13.890,1201.253121
21 Mar 2024 13:49:00.000,7130.194133,1762.421439,1866.108968,14.333,13.884,1201.301583
21 Mar 2024 13:49:05.000,7121.652523,1759.509327,1901.145093,14.608,13.878,1201.350904
21 Mar 2024 13:49:10.000,7112.947025,1756.563545,1936.137785,14.883,13.872,1201.401078
21 Mar 2024 13:49:15.000,7104.077814,1753.584279,1971.086244,15.158,13.866,1201.452102
21 Mar 2024 13:49:20.000,7095.045065,1750.571718,2005.989674,15.432,13.860,1201.503969
21 Mar 2024 13:49:25.000,7085.848961,1747.526049,2040.847275,15.707,13.854,1201.556677
21 Mar 2024 13:49:30.000,7076.489686,1744.447460,2075.658252,15.982,13.848,1201.610218
21 Mar 2024 13:49:35.000,7066.967428,1741.336140,2110.421810,16.257,13.842,1201.664590
21 Mar 2024 13:49:40.000,7057.282380,1738.192279,2145.137154,16.532,13.836,1201.719786
21 Mar 2024 13:49:45.000,7047.434738,1735.016066,2179.803491,16.806,13.831,1201.775801
21 Mar 2024 13:49:50.000,7037.424702,1731.807693,2214.420029,17.081,13.825,1201.832631
21 Mar 2024 13:49:55.000,7027.252477,1728.567350,2248.985978,17.356,13.819,1201.890270
21 Mar 2024 13:50:00.000,7016.918270,1725.295231,2283.500548,17.631,13.814,1201.948713