"Time (UTCG)","Satellite10414 - Satellite11501 - x (km)","Satellite10414 - Satellite11501 - y (km)","Satellite10414 - Satellite11501 - z (km)","Lat (deg)","Lon (deg)","Alt (km)"
21 Mar 2024 13:30:00.000,1908.483855,-114.083264,-7332.996303,-75.466,-3.421,1220.028577
21 Mar 2024 13:30:05.000,1943.120578,-109.507049,-7323.964160,-75.199,-3.226,1219.979451
21 Mar 2024 13:30:10.000,1977.716499,-104.953609,-7314.764698,-74.931,-3.038,1219.929476
21 Mar 2024 13:30:15.000,2012.270816,-100.423018,-7305.398126,-74.664,-2.857,1219.878656
21 Mar 2024 13:30:20.000,2046.782727,-95.915347,-7295.864658,-74.397,-2.683,1219.826997
21 Mar 2024 13:30:25.000,2081.251432,-91.430668,-7286.164512,-74.129,-2.515,1219.774503
21 Mar 2024 13:30:30.000,2115.676132,-86.969051,-7276.297910,-73.861,-2.354,1219.721179
21 Mar 2024 13:30:35.000,2150.056027,-82.530564,-7266.265078,-73.593,-2.198,1219.667029
21 Mar 2024 13:30:40.000,2184.390320,-78.115276,-7256.066243,-73.325,-2.048,1219.612059
21 Mar 2024 13:30:45.000,2218.678213,-73.723253,-7245.701640,-73.057,-1.903,1219.556273
21 Mar 2024 13:30:50.000,2252.918912,-69.354561,-7235.171505,-72.788,-1.763,1219.499677
21 Mar 2024 13:30:55.000,2287.111622,-65.009264,-7224.476079,-72.519,-1.628,1219.442276
21 Mar 2024 13:31:00.000,2321.255548,-60.687426,-7213.615606,-72.251,-1.498,1219.384074
21 Mar 2024 13:31:05.000,2355.349898,-56.389109,-7202.590334,-71.982,-1.371,1219.325078
21 Mar 2024 13:31:10.000,2389.393881,-52.114374,-7191.400515,-71.713,-1.249,1219.265292
21 Mar 2024 13:31:15.000,2423.386706,-47.863281,-7180.046404,-71.444,-1.131,1219.204722
21 Mar 2024 13:31:20.000,2457.327584,-43.635890,-7168.528262,-71.175,-1.017,1219.143373
21 Mar 2024 13:31:25.000,2491.215726,-39.432257,-7156.846351,-70.905,-0.907,1219.081252
21 Mar 2024 13:31:30.000,2525.050346,-35.252440,-7145.000938,-70.636,-0.800,1219.018362
21 Mar 2024 13:31:35.000,2558.830658,-31.096494,-7132.992294,-70.367,-0.696,1218.954711
21 Mar 2024 13:31:40.000,2592.555877,-26.964474,-7120.820692,-70.097,-0.596,1218.890304
21 Mar 2024 13:31:45.000,2626.225219,-22.856433,-7108.486412,-69.827,-0.499,1218.825147
21 Mar 2024 13:31:50.000,2659.837903,-18.772423,-7095.989735,-69.558,-0.404,1218.759245
21 Mar 2024 13:31:55.000,2693.393147,-14.712496,-7083.330946,-69.288,-0.313,1218.692606
21 Mar 2024 13:32:00.000,2726.890171,-10.676701,-7070.510335,-69.018,-0.224,1218.625233
21 Mar 2024 13:32:05.000,2760.328198,-6.665087,-7057.528194,-68.748,-0.138,1218.557135
21 Mar 2024 13:32:10.000,2793.706450,-2.677702,-7044.384820,-68.478,-0.055,1218.488317
21 Mar 2024 13:32:15.000,2827.024152,1.285407,-7031.080513,-68.208,0.026,1218.418785
21 Mar 2024 13:32:20.000,2860.280528,5.224194,-7017.615578,-67.938,0.105,1218.348545
21 Mar 2024 13:32:25.000,2893.474806,9.138616,-7003.990322,-67.667,0.181,1218.277605
21 Mar 2024 13:32:30.000,2926.606214,13.028629,-6990.205055,-67.397,0.255,1218.205969
21 Mar 2024 13:32:35.000,2959.673981,16.894191,-6976.260094,-67.127,0.327,1218.133646
21 Mar 2024 13:32:40.000,2992.677340,20.735260,-6962.155757,-66.856,0.397,1218.060641
21 Mar 2024 13:32:45.000,3025.615521,24.551797,-6947.892365,-66.586,0.465,1217.986961
21 Mar 2024 13:32:50.000,3058.487760,28.343764,-6933.470245,-66.315,0.531,1217.912612
21 Mar 2024 13:32:55.000,3091.293292,32.111121,-6918.889727,-66.044,0.595,1217.837602
21 Mar 2024 13:33:00.000,3124.031354,35.853833,-6904.151142,-65.774,0.658,1217.761937
21 Mar 2024 13:33:05.000,3156.701183,39.571864,-6889.254829,-65.503,0.718,1217.685624
21 Mar 2024 13:33:10.000,3189.302021,43.265180,-6874.201127,-65.232,0.777,1217.608671
21 Mar 2024 13:33:15.000,3221.833109,46.933747,-6858.990380,-64.961,0.835,1217.531083
21 Mar 2024 13:33:20.000,3254.293689,50.577534,-6843.622936,-64.690,0.890,1217.452868
21 Mar 2024 13:33:25.000,3286.683006,54.196509,-6828.099146,-64.419,0.945,1217.374033
21 Mar 2024 13:33:30.000,3319.000307,57.790642,-6812.419364,-64.148,0.998,1217.294585
21 Mar 2024 13:33:35.000,3351.244839,61.359905,-6796.583949,-63.877,1.049,1217.214532
21 Mar 2024 13:33:40.000,3383.415852,64.904270,-6780.593263,-63.606,1.099,1217.133881
21 Mar 2024 13:33:45.000,3415.512598,68.423710,-6764.447670,-63.335,1.148,1217.052639
21 Mar 2024 13:33:50.000,3447.534328,71.918200,-6748.147540,-63.064,1.195,1216.970813
21 Mar 2024 13:33:55.000,3479.480297,75.387715,-6731.693245,-62.793,1.241,1216.888410
21 Mar 2024 13:34:00.000,3511.349763,78.832233,-6715.085161,-62.521,1.286,1216.805439
21 Mar 2024 13:34:05.000,3543.141981,82.251731,-6698.323667,-62.250,1.330,1216.721907
21 Mar 2024 13:34:10.000,3574.856213,85.646188,-6681.409146,-61.979,1.372,1216.637822
21 Mar 2024 13:34:15.000,3606.491719,89.015585,-6664.341985,-61.707,1.414,1216.553190
21 Mar 2024 13:34:20.000,3638.047763,92.359901,-6647.122574,-61.436,1.454,1216.468020
21 Mar 2024 13:34:25.000,3669.523610,95.679121,-6629.751306,-61.164,1.494,1216.382320
21 Mar 2024 13:34:30.000,3700.918526,98.973226,-6612.228577,-60.893,1.532,1216.296096
21 Mar 2024 13:34:35.000,3732.231780,102.242202,-6594.554789,-60.621,1.569,1216.209358
21 Mar 2024 13:34:40.000,3763.462643,105.486035,-6576.730344,-60.350,1.606,1216.122113
21 Mar 2024 13:34:45.000,3794.610386,108.704710,-6558.755651,-60.078,1.641,1216.034369
21 Mar 2024 13:34:50.000,3825.674285,111.898216,-6540.631120,-59.806,1.675,1215.946133
21 Mar 2024 13:34:55.000,3856.653615,115.066542,-6522.357164,-59.535,1.709,1215.857415
21 Mar 2024 13:35:00.000,3887.547654,118.209677,-6503.934202,-59.263,1.742,1215.768221
21 Mar 2024 13:35:05.000,3918.355682,121.327614,-6485.362654,-58.991,1.774,1215.678560
21 Mar 2024 13:35:10.000,3949.076982,124.420343,-6466.642944,-58.719,1.805,1215.588440
21 Mar 2024 13:35:15.000,3979.710836,127.487859,-6447.775500,-58.447,1.835,1215.497870
21 Mar 2024 13:35:20.000,4010.256530,130.530155,-6428.760754,-58.175,1.864,1215.406858
21 Mar 2024 13:35:25.000,4040.713353,133.547228,-6409.599139,-57.904,1.893,1215.315411
21 Mar 2024 13:35:30.000,4071.080595,136.539074,-6390.291094,-57.632,1.921,1215.223538
21 Mar 2024 13:35:35.000,4101.357547,139.505690,-6370.837059,-57.360,1.948,1215.131248
21 Mar 2024 13:35:40.000,4131.543503,142.447075,-6351.237478,-57.088,1.975,1215.038549
21 Mar 2024 13:35:45.000,4161.637759,145.363230,-6331.492801,-56.816,2.000,1214.945449
21 Mar 2024 13:35:50.000,4191.639613,148.254154,-6311.603477,-56.544,2.026,1214.851957
21 Mar 2024 13:35:55.000,4221.548366,151.119851,-6291.569961,-56.271,2.050,1214.758081
21 Mar 2024 13:36:00.000,4251.363319,153.960323,-6271.392711,-55.999,2.074,1214.663830
21 Mar 2024 13:36:05.000,4281.083778,156.775575,-6251.072188,-55.727,2.097,1214.569213
21 Mar 2024 13:36:10.000,4310.709048,159.565611,-6230.608856,-55.455,2.120,1214.474238
21 Mar 2024 13:36:15.000,4340.238438,162.330438,-6210.003182,-55.183,2.142,1214.378913
21 Mar 2024 13:36:20.000,4369.671260,165.070064,-6189.255637,-54.910,2.163,1214.283247
21 Mar 2024 13:36:25.000,4399.006826,167.784496,-6168.366696,-54.638,2.184,1214.187250
21 Mar 2024 13:36:30.000,4428.244453,170.473746,-6147.336835,-54.366,2.205,1214.090930
21 Mar 2024 13:36:35.000,4457.383456,173.137822,-6126.166535,-54.094,2.224,1213.994295
21 Mar 2024 13:36:40.000,4486.423157,175.776737,-6104.856279,-53.821,2.244,1213.897354
21 Mar 2024 13:36:45.000,4515.362877,178.390505,-6083.406555,-53.549,2.262,1213.800116
21 Mar 2024 13:36:50.000,4544.201940,180.979137,-6061.817852,-53.276,2.281,1213.702591
21 Mar 2024 13:36:55.000,4572.939674,183.542650,-6040.090663,-53.004,2.298,1213.604787
21 Mar 2024 13:37:00.000,4601.575408,186.081060,-6018.225486,-52.732,2.316,1213.506712
21 Mar 2024 13:37:05.000,4630.108471,188.594383,-5996.222819,-52.459,2.332,1213.408376
21 Mar 2024 13:37:10.000,4658.538199,191.082637,-5974.083165,-52.187,2.349,1213.309788
21 Mar 2024 13:37:15.000,4686.863927,193.545842,-5951.807030,-51.914,2.365,1213.210956
21 Mar 2024 13:37:20.000,4715.084994,195.984018,-5929.394923,-51.641,2.380,1213.111891
21 Mar 2024 13:37:25.000,4743.200740,198.397186,-5906.847356,-51.369,2.395,1213.012600
21 Mar 2024 13:37:30.000,4771.210509,200.785369,-5884.164844,-51.096,2.410,1212.913092
21 Mar 2024 13:37:35.000,4799.113646,203.148589,-5861.347904,-50.824,2.424,1212.813378
21 Mar 2024 13:37:40.000,4826.909499,205.486871,-5838.397060,-50.551,2.438,1212.713465
21 Mar 2024 13:37:45.000,4854.597419,207.800241,-5815.312834,-50.278,2.451,1212.613364
21 Mar 2024 13:37:50.000,4882.176758,210.088725,-5792.095754,-50.005,2.464,1212.513083
21 Mar 2024 13:37:55.000,4909.646872,212.352350,-5768.746351,-49.733,2.477,1212.412631
21 Mar 2024 13:38:00.000,4937.007120,214.591145,-5745.265157,-49.460,2.489,1212.312017
21 Mar 2024 13:38:05.000,4964.256861,216.805140,-5721.652710,-49.187,2.501,1212.211252
21 Mar 2024 13:38:10.000,4991.395459,218.994366,-5697.909549,-48.914,2.512,1212.110343
21 Mar 2024 13:38:15.000,5018.422279,221.158853,-5674.036216,-48.642,2.523,1212.009300
21 Mar 2024 13:38:20.000,5045.336689,223.298634,-5650.033257,-48.369,2.534,1211.908132
21 Mar 2024 13:38:25.000,5072.138060,225.413743,-5625.901220,-48.096,2.545,1211.806849
21 Mar 2024 13:38:30.000,5098.825765,227.504216,-5601.640656,-47.823,2.555,1211.705460
21 Mar 2024 13:38:35.000,5125.399181,229.570086,-5577.252119,-47.550,2.565,1211.603974
21 Mar 2024 13:38:40.000,5151.857685,231.611392,-5552.736168,-47.277,2.574,1211.502400
21 Mar 2024 13:38:45.000,5178.200659,233.628171,-5528.093361,-47.004,2.583,1211.400747
21 Mar 2024 13:38:50.000,5204.427486,235.620462,-5503.324262,-46.731,2.592,1211.299025
21 Mar 2024 13:38:55.000,5230.537553,237.588304,-5478.429437,-46.458,2.601,1211.197244
21 Mar 2024 13:39:00.000,5256.530250,239.531738,-5453.409454,-46.185,2.609,1211.095411
21 Mar 2024 13:39:05.000,5282.404967,241.450806,-5428.264885,-45.912,2.617,1210.993538
21 Mar 2024 13:39:10.000,5308.161101,243.345550,-5402.996304,-45.639,2.625,1210.891633
21 Mar 2024 13:39:15.000,5333.798047,245.216015,-5377.604289,-45.366,2.632,1210.789704
21 Mar 2024 13:39:20.000,5359.315206,247.062245,-5352.089420,-45.093,2.639,1210.687763
21 Mar 2024 13:39:25.000,5384.711980,248.884286,-5326.452280,-44.819,2.646,1210.585817
21 Mar 2024 13:39:30.000,5409.987776,250.682184,-5300.693454,-44.546,2.653,1210.483877
21 Mar 2024 13:39:35.000,5435.142002,252.455987,-5274.813531,-44.273,2.659,1210.381951
21 Mar 2024 13:39:40.000,5460.174068,254.205744,-5248.813102,-44.000,2.666,1210.280049
21 Mar 2024 13:39:45.000,5485.083389,255.931504,-5222.692761,-43.727,2.671,1210.178181
21 Mar 2024 13:39:50.000,5509.869381,257.633318,-5196.453105,-43.453,2.677,1210.076355
21 Mar 2024 13:39:55.000,5534.531464,259.311238,-5170.094733,-43.180,2.683,1209.974580
21 Mar 2024 13:40:00.000,5559.069060,260.965316,-5143.618248,-42.907,2.688,1209.872867
21 Mar 2024 13:40:05.000,5583.481595,262.595605,-5117.024254,-42.634,2.693,1209.771224
21 Mar 2024 13:40:10.000,5607.768497,264.202161,-5090.313359,-42.360,2.697,1209.669661
21 Mar 2024 13:40:15.000,5631.929197,265.785037,-5063.486173,-42.087,2.702,1209.568187
21 Mar 2024 13:40:20.000,5655.963129,267.344292,-5036.543309,-41.813,2.706,1209.466812
21 Mar 2024 13:40:25.000,5679.869730,268.879981,-5009.485382,-41.540,2.710,1209.365544
21 Mar 2024 13:40:30.000,5703.648440,270.392164,-4982.313012,-41.267,2.714,1209.264393
21 Mar 2024 13:40:35.000,5727.298701,271.880899,-4955.026817,-40.993,2.718,1209.163367
21 Mar 2024 13:40:40.000,5750.819959,273.346247,-4927.627423,-40.720,2.721,1209.062478
21 Mar 2024 13:40:45.000,5774.211664,274.788269,-4900.115454,-40.446,2.725,1208.961733
21 Mar 2024 13:40:50.000,5797.473266,276.207026,-4872.491539,-40.173,2.728,1208.861141
21 Mar 2024 13:40:55.000,5820.604221,277.602582,-4844.756310,-39.899,2.731,1208.760713
21 Mar 2024 13:41:00.000,5843.603986,278.975000,-4816.910400,-39.626,2.733,1208.660457
21 Mar 2024 13:41:05.000,5866.472021,280.324345,-4788.954445,-39.352,2.736,1208.560382
21 Mar 2024 13:41:10.000,5889.207792,281.650684,-4760.889084,-39.079,2.738,1208.460498
21 Mar 2024 13:41:15.000,5911.810764,282.954081,-4732.714957,-38.805,2.740,1208.360814
21 Mar 2024 13:41:20.000,5934.280408,284.234606,-4704.432710,-38.531,2.742,1208.261338
21 Mar 2024 13:41:25.000,5956.616196,285.492326,-4676.042987,-38.258,2.744,1208.162081
21 Mar 2024 13:41:30.000,5978.817605,286.727311,-4647.546437,-37.984,2.746,1208.063050
21 Mar 2024 13:41:35.000,6000.884113,287.939631,-4618.943712,-37.710,2.747,1207.964256
21 Mar 2024 13:41:40.000,6022.815204,289.129357,-4590.235465,-37.437,2.748,1207.865707
21 Mar 2024 13:41:45.000,6044.610362,290.296560,-4561.422351,-37.163,2.750,1207.767412
21 Mar 2024 13:41:50.000,6066.269077,291.441315,-4532.505029,-36.889,2.751,1207.669380
21 Mar 2024 13:41:55.000,6087.790839,292.563694,-4503.484160,-36.616,2.751,1207.571620
21 Mar 2024 13:42:00.000,6109.175144,293.663773,-4474.360406,-36.342,2.752,1207.474142
21 Mar 2024 13:42:05.000,6130.421489,294.741626,-4445.134433,-36.068,2.753,1207.376954
21 Mar 2024 13:42:10.000,6151.529377,295.797331,-4415.806909,-35.794,2.753,1207.280065
21 Mar 2024 13:42:15.000,6172.498311,296.830964,-4386.378503,-35.520,2.753,1207.183483
21 Mar 2024 13:42:20.000,6193.327799,297.842603,-4356.849888,-35.247,2.753,1207.087219
21 Mar 2024 13:42:25.000,6214.017352,298.832328,-4327.221739,-34.973,2.753,1206.991280
21 Mar 2024 13:42:30.000,6234.566484,299.800218,-4297.494732,-34.699,2.753,1206.895676
21 Mar 2024 13:42:35.000,6254.974713,300.746354,-4267.669546,-34.425,2.753,1206.800414
21 Mar 2024 13:42:40.000,6275.241559,301.670818,-4237.746864,-34.151,2.752,1206.705505
21 Mar 2024 13:42:45.000,6295.366547,302.573691,-4207.727367,-33.877,2.752,1206.610956
21 Mar 2024 13:42:50.000,6315.349202,303.455058,-4177.611743,-33.603,2.751,1206.516777
21 Mar 2024 13:42:55.000,6335.189056,304.315001,-4147.400679,-33.329,2.750,1206.422976
21 Mar 2024 13:43:00.000,6354.885643,305.153607,-4117.094866,-33.055,2.749,1206.329561
21 Mar 2024 13:43:05.000,6374.438499,305.970960,-4086.694995,-32.781,2.748,1206.236541
21 Mar 2024 13:43:10.000,6393.847165,306.767147,-4056.201762,-32.507,2.747,1206.143925
21 Mar 2024 13:43:15.000,6413.111186,307.542255,-4025.615863,-32.233,2.746,1206.051721
21 Mar 2024 13:43:20.000,6432.230107,308.296373,-3994.937996,-31.959,2.744,1205.959938
21 Mar 2024 13:43:25.000,6451.203479,309.029590,-3964.168863,-31.685,2.743,1205.868584
21 Mar 2024 13:43:30.000,6470.030857,309.741995,-3933.309166,-31.411,2.741,1205.777668
21 Mar 2024 13:43:35.000,6488.711797,310.433678,-3902.359611,-31.137,2.739,1205.687197
21 Mar 2024 13:43:40.000,6507.245861,311.104731,-3871.320904,-30.863,2.737,1205.597180
21 Mar 2024 13:43:45.000,6525.632611,311.755246,-3840.193755,-30.589,2.735,1205.507626
21 Mar 2024 13:43:50.000,6543.871616,312.385317,-3808.978875,-30.315,2.733,1205.418543
21 Mar 2024 13:43:55.000,6561.962447,312.995036,-3777.676977,-30.041,2.731,1205.329938
21 Mar 2024 13:44:00.000,6579.904677,313.584498,-3746.288775,-29.766,2.729,1205.241821
21 Mar 2024 13:44:05.000,6597.697885,314.153798,-3714.814988,-29.492,2.726,1205.154198
21 Mar 2024 13:44:10.000,6615.341652,314.703033,-3683.256334,-29.218,2.724,1205.067079
21 Mar 2024 13:44:15.000,6632.835562,315.232299,-3651.613534,-28.944,2.721,1204.980471
21 Mar 2024 13:44:20.000,6650.179203,315.741693,-3619.887310,-28.670,2.718,1204.894382
21 Mar 2024 13:44:25.000,6667.372168,316.231314,-3588.078389,-28.395,2.715,1204.808819
21 Mar 2024 13:44:30.000,6684.414050,316.701261,-3556.187496,-28.121,2.713,1204.723792
21 Mar 2024 13:44:35.000,6701.304450,317.151633,-3524.215360,-27.847,2.710,1204.639308
21 Mar 2024 13:44:40.000,6718.042968,317.582532,-3492.162712,-27.573,2.707,1204.555374
21 Mar 2024 13:44:45.000,6734.629211,317.994057,-3460.030283,-27.298,2.703,1204.471998
21 Mar 2024 13:44:50.000,6751.062788,318.386311,-3427.818808,-27.024,2.700,1204.389189
21 Mar 2024 13:44:55.000,6767.343312,318.759397,-3395.529022,-26.750,2.697,1204.306952
21 Mar 2024 13:45:00.000,6783.470398,319.113419,-3363.161664,-26.475,2.693,1204.225297
21 Mar 2024 13:45:05.000,6799.443667,319.448479,-3330.717473,-26.201,2.690,1204.144230
21 Mar 2024 13:45:10.000,6815.262741,319.764683,-3298.197190,-25.927,2.686,1204.063760
21 Mar 2024 13:45:15.000,6830.927249,320.062137,-3265.601558,-25.652,2.683,1203.983893
21 Mar 2024 13:45:20.000,6846.436821,320.340946,-3232.931321,-25.378,2.679,1203.904637
21 Mar 2024 13:45:25.000,6861.791090,320.601217,-3200.187226,-25.103,2.675,1203.825998
21 Mar 2024 13:45:30.000,6876.989695,320.843059,-3167.370022,-24.829,2.671,1203.747986
21 Mar 2024 13:45:35.000,6892.032277,321.066579,-3134.480457,-24.555,2.667,1203.670605
21 Mar 2024 13:45:40.000,6906.918481,321.271886,-3101.519283,-24.280,2.663,1203.593865
21 Mar 2024 13:45:45.000,6921.647955,321.459090,-3068.487253,-24.006,2.659,1203.517771
21 Mar 2024 13:45:50.000,6936.220353,321.628300,-3035.385123,-23.731,2.655,1203.442331
21 Mar 2024 13:45:55.000,6950.635329,321.779629,-3002.213647,-23.457,2.651,1203.367551
21 Mar 2024 13:46:00.000,6964.892544,321.913187,-2968.973584,-23.182,2.646,1203.293440
21 Mar 2024 13:46:05.000,6978.991660,322.029087,-2935.665693,-22.908,2.642,1203.220002
21 Mar 2024 13:46:10.000,6992.932345,322.127442,-2902.290736,-22.633,2.637,1203.147246
21 Mar 2024 13:46:15.000,7006.714270,322.208364,-2868.849474,-22.359,2.633,1203.075178
21 Mar 2024 13:46:20.000,7020.337107,322.271969,-2835.342672,-22.084,2.628,1203.003804
21 Mar 2024 13:46:25.000,7033.800537,322.318370,-2801.771095,-21.810,2.624,1202.933131
21 Mar 2024 13:46:30.000,7047.104239,322.347684,-2768.135510,-21.535,2.619,1202.863166
21 Mar 2024 13:46:35.000,7060.247901,322.360027,-2734.436685,-21.260,2.614,1202.793915
21 Mar 2024 13:46:40.000,7073.231210,322.355514,-2700.675391,-20.986,2.609,1202.725384
21 Mar 2024 13:46:45.000,7086.053859,322.334264,-2666.852398,-20.711,2.605,1202.657580
21 Mar 2024 13:46:50.000,7098.715546,322.296394,-2632.968480,-20.437,2.600,1202.590509
21 Mar 2024 13:46:55.000,7111.215971,322.242022,-2599.024410,-20.162,2.595,1202.524178
21 Mar 2024 13:47:00.000,7123.554837,322.171268,-2565.020964,-19.887,2.590,1202.458591
21 Mar 2024 13:47:05.000,7135.731853,322.084251,-2530.958919,-19.613,2.584,1202.393756
21 Mar 2024 13:47:10.000,7147.746730,321.981091,-2496.839053,-19.338,2.579,1202.329679
21 Mar 2024 13:47:15.000,7159.599183,321.861910,-2462.662145,-19.063,2.574,1202.266364
21 Mar 2024 13:47:20.000,7171.288932,321.726828,-2428.428976,-18.789,2.569,1202.203819
21 Mar 2024 13:47:25.000,7182.815700,321.575967,-2394.140329,-18.514,2.563,1202.142048
21 Mar 2024 13:47:30.000,7194.179212,321.409450,-2359.796986,-18.239,2.558,1202.081058
21 Mar 2024 13:47:35.000,7205.379201,321.227401,-2325.399733,-17.965,2.553,1202.020855
21 Mar 2024 13:47:40.000,7216.415400,321.029941,-2290.949354,-17.690,2.547,1201.961443
21 Mar 2024 13:47:45.000,7227.287547,320.817196,-2256.446638,-17.415,2.542,1201.902828
21 Mar 2024 13:47:50.000,7237.995385,320.589291,-2221.892371,-17.140,2.536,1201.845016
21 Mar 2024 13:47:55.000,7248.538658,320.346349,-2187.287345,-16.866,2.531,1201.788012
21 Mar 2024 13:48:00.000,7258.917117,320.088498,-2152.632349,-16.591,2.525,1201.731821
21 Mar 2024 13:48:05.000,7269.130516,319.815863,-2117.928174,-16.316,2.519,1201.676448
21 Mar 2024 13:48:10.000,7279.178610,319.528571,-2083.175615,-16.041,2.513,1201.621899
21 Mar 2024 13:48:15.000,7289.061163,319.226750,-2048.375464,-15.767,2.508,1201.568179
21 Mar 2024 13:48:20.000,7298.777937,318.910526,-2013.528517,-15.492,2.502,1201.515292
21 Mar 2024 13:48:25.000,7308.328703,318.580029,-1978.635570,-15.217,2.496,1201.463243
21 Mar 2024 13:48:30.000,7317.713234,318.235386,-1943.697420,-14.942,2.490,1201.412038
21 Mar 2024 13:48:35.000,7326.931304,317.876728,-1908.714865,-14.667,2.484,1201.361681
21 Mar 2024 13:48:40.000,7335.982696,317.504184,-1873.688705,-14.393,2.478,1201.312176
21 Mar 2024 13:48:45.000,7344.867194,317.117884,-1838.619739,-14.118,2.472,1201.263528
21 Mar 2024 13:48:50.000,7353.584585,316.717959,-1803.508769,-13.843,2.466,1201.215742
21 Mar 2024 13:48:55.000,7362.134662,316.304540,-1768.356597,-13.568,2.460,1201.168822
21 Mar 2024 13:49:00.000,7370.517220,315.877758,-1733.164026,-13.293,2.454,1201.122772
21 Mar 2024 13:49:05.000,7378.732060,315.437746,-1697.931860,-13.018,2.448,1201.077598
21 Mar 2024 13:49:10.000,7386.778986,314.984635,-1662.660903,-12.743,2.442,1201.033301
21 Mar 2024 13:49:15.000,7394.657805,314.518560,-1627.351962,-12.469,2.436,1200.989888
21 Mar 2024 13:49:20.000,7402.368329,314.039653,-1592.005844,-12.194,2.429,1200.947362
21 Mar 2024 13:49:25.000,7409.910373,313.548047,-1556.623355,-11.919,2.423,1200.905726
21 Mar 2024 13:49:30.000,7417.283758,313.043878,-1521.205305,-11.644,2.417,1200.864986
21 Mar 2024 13:49:35.000,7424.488305,312.527279,-1485.752501,-11.369,2.410,1200.825143
21 Mar 2024 13:49:40.000,7431.523844,311.998386,-1450.265755,-11.094,2.404,1200.786203
21 Mar 2024 13:49:45.000,7438.390204,311.457334,-1414.745877,-10.819,2.398,1200.748169
21 Mar 2024 13:49:50.000,7445.087221,310.904259,-1379.193678,-10.544,2.391,1200.711044
21 Mar 2024 13:49:55.000,7451.614735,310.339298,-1343.609971,-10.269,2.385,1200.674831
21 Mar 2024 13:50:00.000,7457.972588,309.762586,-1307.995568,-9.994,2.378,1200.639535