"Time (UTCG)","Satellite10719 - Satellite11501 - x (km)","Satellite10719 - Satellite11501 - y (km)","Satellite10719 - Satellite11501 - z (km)","Lat (deg)","Lon (deg)","Alt (km)"
21 Mar 2024 13:30:00.000,5336.855140,3920.741593,-3684.280522,-29.227,36.303,1205.069895
21 Mar 2024 13:30:05.000,5351.162816,3930.832997,-3652.638616,-28.953,36.300,1204.983265
21 Mar 2024 13:30:10.000,5365.356282,3940.824723,-3620.913263,-28.679,36.297,1204.897154
21 Mar 2024 13:30:15.000,5379.435144,3950.716627,-3589.105189,-28.404,36.294,1204.811570
21 Mar 2024 13:30:20.000,5393.399009,3960.508568,-3557.215119,-28.130,36.291,1204.726520
21 Mar 2024 13:30:25.000,5407.247485,3970.200409,-3525.243783,-27.856,36.287,1204.642014
21 Mar 2024 13:30:30.000,5420.980187,3979.792013,-3493.191912,-27.581,36.284,1204.558057
21 Mar 2024 13:30:35.000,5434.596728,3989.283248,-3461.060236,-27.307,36.281,1204.474659
21 Mar 2024 13:30:40.000,5448.096727,3998.673982,-3428.849491,-27.033,36.277,1204.391826
21 Mar 2024 13:30:45.000,5461.479803,4007.964087,-3396.560412,-26.758,36.273,1204.309567
21 Mar 2024 13:30:50.000,5474.745578,4017.153439,-3364.193737,-26.484,36.270,1204.227889
21 Mar 2024 13:30:55.000,5487.893678,4026.241913,-3331.750205,-26.210,36.266,1204.146799
21 Mar 2024 13:31:00.000,5500.923731,4035.229390,-3299.230558,-25.935,36.262,1204.066305
21 Mar 2024 13:31:05.000,5513.835366,4044.115751,-3266.635538,-25.661,36.258,1203.986414
21 Mar 2024 13:31:10.000,5526.628217,4052.900882,-3233.965890,-25.387,36.254,1203.907134
21 Mar 2024 13:31:15.000,5539.301920,4061.584670,-3201.222360,-25.112,36.250,1203.828472
21 Mar 2024 13:31:20.000,5551.856112,4070.167004,-3168.405697,-24.838,36.246,1203.750435
21 Mar 2024 13:31:25.000,5564.290434,4078.647777,-3135.516650,-24.563,36.242,1203.673031
21 Mar 2024 13:31:30.000,5576.604530,4087.026884,-3102.555971,-24.289,36.237,1203.596266
21 Mar 2024 13:31:35.000,5588.798046,4095.304223,-3069.524412,-24.014,36.233,1203.520148
21 Mar 2024 13:31:40.000,5600.870630,4103.479693,-3036.422728,-23.740,36.228,1203.444683
21 Mar 2024 13:31:45.000,5612.821934,4111.553198,-3003.251676,-23.465,36.224,1203.369879
21 Mar 2024 13:31:50.000,5624.651612,4119.524642,-2970.012013,-23.191,36.219,1203.295742
21 Mar 2024 13:31:55.000,5636.359321,4127.393934,-2936.704498,-22.916,36.215,1203.222280
21 Mar 2024 13:32:00.000,5647.944721,4135.160983,-2903.329893,-22.642,36.210,1203.149499
21 Mar 2024 13:32:05.000,5659.407473,4142.825703,-2869.888960,-22.367,36.205,1203.077405
21 Mar 2024 13:32:10.000,5670.747242,4150.388010,-2836.382463,-22.093,36.200,1203.006006
21 Mar 2024 13:32:15.000,5681.963697,4157.847821,-2802.811167,-21.818,36.195,1202.935308
21 Mar 2024 13:32:20.000,5693.056507,4165.205057,-2769.175839,-21.544,36.190,1202.865317
21 Mar 2024 13:32:25.000,5704.025346,4172.459642,-2735.477249,-21.269,36.185,1202.796040
21 Mar 2024 13:32:30.000,5714.869890,4179.611501,-2701.716165,-20.994,36.180,1202.727484
21 Mar 2024 13:32:35.000,5725.589817,4186.660562,-2667.893358,-20.720,36.175,1202.659654
21 Mar 2024 13:32:40.000,5736.184809,4193.606757,-2634.009603,-20.445,36.170,1202.592557
21 Mar 2024 13:32:45.000,5746.654551,4200.450019,-2600.065672,-20.170,36.165,1202.526200
21 Mar 2024 13:32:50.000,5756.998728,4207.190285,-2566.062342,-19.896,36.159,1202.460587
21 Mar 2024 13:32:55.000,5767.217032,4213.827492,-2532.000388,-19.621,36.154,1202.395726
21 Mar 2024 13:33:00.000,5777.309155,4220.361582,-2497.880589,-19.346,36.148,1202.331622
21 Mar 2024 13:33:05.000,5787.274792,4226.792499,-2463.703726,-19.072,36.143,1202.268281
21 Mar 2024 13:33:10.000,5797.113641,4233.120189,-2429.470577,-18.797,36.137,1202.205709
21 Mar 2024 13:33:15.000,5806.825405,4239.344601,-2395.181926,-18.522,36.132,1202.143912
21 Mar 2024 13:33:20.000,5816.409786,4245.465687,-2360.838556,-18.248,36.126,1202.082895
21 Mar 2024 13:33:25.000,5825.866492,4251.483401,-2326.441252,-17.973,36.120,1202.022665
21 Mar 2024 13:33:30.000,5835.195233,4257.397699,-2291.990799,-17.698,36.115,1201.963226
21 Mar 2024 13:33:35.000,5844.395721,4263.208540,-2257.487984,-17.423,36.109,1201.904584
21 Mar 2024 13:33:40.000,5853.467671,4268.915886,-2222.933595,-17.149,36.103,1201.846745
21 Mar 2024 13:33:45.000,5862.410803,4274.519702,-2188.328423,-16.874,36.097,1201.789714
21 Mar 2024 13:33:50.000,5871.224837,4280.019954,-2153.673257,-16.599,36.091,1201.733495
21 Mar 2024 13:33:55.000,5879.909498,4285.416611,-2118.968889,-16.324,36.085,1201.678096
21 Mar 2024 13:34:00.000,5888.464513,4290.709646,-2084.216112,-16.050,36.079,1201.623519
21 Mar 2024 13:34:05.000,5896.889611,4295.899034,-2049.415721,-15.775,36.073,1201.569771
21 Mar 2024 13:34:10.000,5905.184527,4300.984750,-2014.568509,-15.500,36.067,1201.516857
21 Mar 2024 13:34:15.000,5913.348995,4305.966775,-1979.675274,-15.225,36.061,1201.464781
21 Mar 2024 13:34:20.000,5921.382755,4310.845091,-1944.736811,-14.950,36.055,1201.413548
21 Mar 2024 13:34:25.000,5929.285548,4315.619682,-1909.753921,-14.676,36.049,1201.363163
21 Mar 2024 13:34:30.000,5937.057120,4320.290536,-1874.727401,-14.401,36.043,1201.313631
21 Mar 2024 13:34:35.000,5944.697218,4324.857643,-1839.658052,-14.126,36.036,1201.264955
21 Mar 2024 13:34:40.000,5952.205593,4329.320994,-1804.546675,-13.851,36.030,1201.217141
21 Mar 2024 13:34:45.000,5959.581998,4333.680585,-1769.394072,-13.576,36.024,1201.170194
21 Mar 2024 13:34:50.000,5966.826191,4337.936413,-1734.201047,-13.301,36.017,1201.124116
21 Mar 2024 13:34:55.000,5973.937931,4342.088478,-1698.968403,-13.026,36.011,1201.078913
21 Mar 2024 13:35:00.000,5980.916981,4346.136782,-1663.696945,-12.751,36.005,1201.034589
21 Mar 2024 13:35:05.000,5987.763107,4350.081331,-1628.387479,-12.477,35.998,1200.991148
21 Mar 2024 13:35:10.000,5994.476077,4353.922132,-1593.040811,-12.202,35.992,1200.948594
21 Mar 2024 13:35:15.000,6001.055663,4357.659194,-1557.657750,-11.927,35.985,1200.906930
21 Mar 2024 13:35:20.000,6007.501641,4361.292531,-1522.239104,-11.652,35.979,1200.866162
21 Mar 2024 13:35:25.000,6013.813787,4364.822157,-1486.785681,-11.377,35.972,1200.826291
21 Mar 2024 13:35:30.000,6019.991884,4368.248091,-1451.298292,-11.102,35.966,1200.787323
21 Mar 2024 13:35:35.000,6026.035714,4371.570351,-1415.777747,-10.827,35.959,1200.749260
21 Mar 2024 13:35:40.000,6031.945066,4374.788962,-1380.224858,-10.552,35.952,1200.712107
21 Mar 2024 13:35:45.000,6037.719728,4377.903947,-1344.640436,-10.277,35.946,1200.675866
21 Mar 2024 13:35:50.000,6043.359496,4380.915335,-1309.025296,-10.002,35.939,1200.640542
21 Mar 2024 13:35:55.000,6048.864164,4383.823155,-1273.380251,-9.727,35.932,1200.606136
21 Mar 2024 13:36:00.000,6054.233532,4386.627440,-1237.706115,-9.452,35.925,1200.572654
21 Mar 2024 13:36:05.000,6059.467403,4389.328226,-1202.003702,-9.177,35.919,1200.540096
21 Mar 2024 13:36:10.000,6064.565583,4391.925550,-1166.273829,-8.902,35.912,1200.508467
21 Mar 2024 13:36:15.000,6069.527879,4394.419452,-1130.517312,-8.627,35.905,1200.477770
21 Mar 2024 13:36:20.000,6074.354104,4396.809975,-1094.734968,-8.352,35.898,1200.448007
21 Mar 2024 13:36:25.000,6079.044074,4399.097163,-1058.927614,-8.077,35.891,1200.419181
21 Mar 2024 13:36:30.000,6083.597605,4401.281065,-1023.096069,-7.802,35.884,1200.391295
21 Mar 2024 13:36:35.000,6088.014519,4403.361729,-987.241150,-7.527,35.878,1200.364351
21 Mar 2024 13:36:40.000,6092.294641,4405.339210,-951.363677,-7.252,35.871,1200.338352
21 Mar 2024 13:36:45.000,6096.437797,4407.213562,-915.464470,-6.977,35.864,1200.313300
21 Mar 2024 13:36:50.000,6100.443820,4408.984841,-879.544348,-6.702,35.857,1200.289198
21 Mar 2024 13:36:55.000,6104.312542,4410.653109,-843.604133,-6.427,35.850,1200.266047
21 Mar 2024 13:37:00.000,6108.043800,4412.218428,-807.644645,-6.152,35.843,1200.243851
21 Mar 2024 13:37:05.000,6111.637435,4413.680861,-771.666707,-5.877,35.836,1200.222610
21 Mar 2024 13:37:10.000,6115.093290,4415.040478,-735.671139,-5.602,35.829,1200.202327
21 Mar 2024 13:37:15.000,6118.411212,4416.297346,-699.658764,-5.327,35.822,1200.183004
21 Mar 2024 13:37:20.000,6121.591049,4417.451539,-663.630405,-5.052,35.815,1200.164643
21 Mar 2024 13:37:25.000,6124.632656,4418.503132,-627.586886,-4.777,35.808,1200.147244
21 Mar 2024 13:37:30.000,6127.535887,4419.452200,-591.529028,-4.502,35.801,1200.130811
21 Mar 2024 13:37:35.000,6130.300603,4420.298824,-555.457657,-4.227,35.794,1200.115344
21 Mar 2024 13:37:40.000,6132.926666,4421.043086,-519.373597,-3.952,35.787,1200.100845
21 Mar 2024 13:37:45.000,6135.413942,4421.685069,-483.277671,-3.677,35.780,1200.087315
21 Mar 2024 13:37:50.000,6137.762298,4422.224861,-447.170704,-3.402,35.773,1200.074756
21 Mar 2024 13:37:55.000,6139.971609,4422.662551,-411.053521,-3.127,35.765,1200.063168
21 Mar 2024 13:38:00.000,6142.041748,4422.998230,-374.926948,-2.852,35.758,1200.052552
21 Mar 2024 13:38:05.000,6143.972595,4423.231992,-338.791809,-2.577,35.751,1200.042911
21 Mar 2024 13:38:10.000,6145.764030,4423.363935,-302.648930,-2.302,35.744,1200.034244
21 Mar 2024 13:38:15.000,6147.415941,4423.394155,-266.499138,-2.027,35.737,1200.026552
21 Mar 2024 13:38:20.000,6148.928213,4423.322756,-230.343256,-1.752,35.730,1200.019836
21 Mar 2024 13:38:25.000,6150.300740,4423.149839,-194.182113,-1.477,35.723,1200.014097
21 Mar 2024 13:38:30.000,6151.533416,4422.875512,-158.016533,-1.202,35.716,1200.009335
21 Mar 2024 13:38:35.000,6152.626139,4422.499882,-121.847344,-0.927,35.709,1200.005551
21 Mar 2024 13:38:40.000,6153.578810,4422.023061,-85.675371,-0.651,35.701,1200.002744
21 Mar 2024 13:38:45.000,6154.391334,4421.445161,-49.501440,-0.376,35.694,1200.000916
21 Mar 2024 13:38:50.000,6155.063618,4420.766297,-13.326379,-0.101,35.687,1200.000066
21 Mar 2024 13:38:55.000,6155.595574,4419.986588,22.848987,0.174,35.680,1200.000195
21 Mar 2024 13:39:00.000,6155.987116,4419.106154,59.023831,0.449,35.673,1200.001302
21 Mar 2024 13:39:05.000,6156.238162,4418.125117,95.197327,0.724,35.666,1200.003388
21 Mar 2024 13:39:10.000,6156.348633,4417.043602,131.368647,0.999,35.659,1200.006452
21 Mar 2024 13:39:15.000,6156.318452,4415.861736,167.536967,1.274,35.651,1200.010494
21 Mar 2024 13:39:20.000,6156.147548,4414.579649,203.701459,1.549,35.644,1200.015513
21 Mar 2024 13:39:25.000,6155.835851,4413.197472,239.861297,1.824,35.637,1200.021509
21 Mar 2024 13:39:30.000,6155.383295,4411.715340,276.015656,2.099,35.630,1200.028482
21 Mar 2024 13:39:35.000,6154.789818,4410.133389,312.163708,2.374,35.623,1200.036430
21 Mar 2024 13:39:40.000,6154.055360,4408.451758,348.304630,2.649,35.616,1200.045354
21 Mar 2024 13:39:45.000,6153.179865,4406.670588,384.437594,2.924,35.609,1200.055252
21 Mar 2024 13:39:50.000,6152.163281,4404.790023,420.561775,3.199,35.602,1200.066124
21 Mar 2024 13:39:55.000,6151.005559,4402.810207,456.676349,3.474,35.595,1200.077968
21 Mar 2024 13:40:00.000,6149.706651,4400.731290,492.780489,3.749,35.588,1200.090783
21 Mar 2024 13:40:05.000,6148.266515,4398.553422,528.873372,4.024,35.580,1200.104568
21 Mar 2024 13:40:10.000,6146.685113,4396.276754,564.954172,4.300,35.573,1200.119322
21 Mar 2024 13:40:15.000,6144.962407,4393.901442,601.022066,4.575,35.566,1200.135043
21 Mar 2024 13:40:20.000,6143.098366,4391.427642,637.076229,4.850,35.559,1200.151731
21 Mar 2024 13:40:25.000,6141.092959,4388.855515,673.115837,5.125,35.552,1200.169383
21 Mar 2024 13:40:30.000,6138.946160,4386.185222,709.140068,5.400,35.545,1200.187997
21 Mar 2024 13:40:35.000,6136.657947,4383.416926,745.148099,5.675,35.538,1200.207573
21 Mar 2024 13:40:40.000,6134.228299,4380.550794,781.139106,5.950,35.531,1200.228109
21 Mar 2024 13:40:45.000,6131.657202,4377.586994,817.112267,6.225,35.524,1200.249601
21 Mar 2024 13:40:50.000,6128.944642,4374.525697,853.066761,6.500,35.517,1200.272049
21 Mar 2024 13:40:55.000,6126.090609,4371.367075,889.001767,6.775,35.510,1200.295450
21 Mar 2024 13:41:00.000,6123.095098,4368.111303,924.916462,7.050,35.503,1200.319803
21 Mar 2024 13:41:05.000,6119.958105,4364.758558,960.810028,7.325,35.496,1200.345104
21 Mar 2024 13:41:10.000,6116.679632,4361.309021,996.681643,7.600,35.490,1200.371352
21 Mar 2024 13:41:15.000,6113.259682,4357.762872,1032.530489,7.875,35.483,1200.398544
21 Mar 2024 13:41:20.000,6109.698262,4354.120295,1068.355746,8.150,35.476,1200.426678
21 Mar 2024 13:41:25.000,6105.995383,4350.381476,1104.156596,8.425,35.469,1200.455751
21 Mar 2024 13:41:30.000,6102.151059,4346.546604,1139.932220,8.700,35.462,1200.485760
21 Mar 2024 13:41:35.000,6098.165307,4342.615869,1175.681803,8.975,35.455,1200.516703
21 Mar 2024 13:41:40.000,6094.038147,4338.589462,1211.404526,9.250,35.449,1200.548577
21 Mar 2024 13:41:45.000,6089.769605,4334.467580,1247.099574,9.525,35.442,1200.581378
21 Mar 2024 13:41:50.000,6085.359707,4330.250418,1282.766132,9.800,35.435,1200.615104
21 Mar 2024 13:41:55.000,6080.808483,4325.938175,1318.403384,10.075,35.428,1200.649751
21 Mar 2024 13:42:00.000,6076.115969,4321.531054,1354.010517,10.350,35.422,1200.685318
21 Mar 2024 13:42:05.000,6071.282200,4317.029255,1389.586716,10.624,35.415,1200.721799
21 Mar 2024 13:42:10.000,6066.307219,4312.432986,1425.131170,10.899,35.408,1200.759192
21 Mar 2024 13:42:15.000,6061.191069,4307.742454,1460.643066,11.174,35.402,1200.797493
21 Mar 2024 13:42:20.000,6055.933798,4302.957868,1496.121593,11.449,35.395,1200.836699
21 Mar 2024 13:42:25.000,6050.535456,4298.079439,1531.565940,11.724,35.389,1200.876806
21 Mar 2024 13:42:30.000,6044.996098,4293.107381,1566.975297,11.999,35.382,1200.917811
21 Mar 2024 13:42:35.000,6039.315781,4288.041911,1602.348857,12.274,35.376,1200.959709
21 Mar 2024 13:42:40.000,6033.494566,4282.883246,1637.685810,12.549,35.369,1201.002498
21 Mar 2024 13:42:45.000,6027.532518,4277.631606,1672.985349,12.824,35.363,1201.046172
21 Mar 2024 13:42:50.000,6021.429704,4272.287214,1708.246668,13.099,35.356,1201.090727
21 Mar 2024 13:42:55.000,6015.186195,4266.850292,1743.468961,13.374,35.350,1201.136161
21 Mar 2024 13:43:00.000,6008.802066,4261.321068,1778.651423,13.648,35.343,1201.182468
21 Mar 2024 13:43:05.000,6002.277393,4255.699769,1813.793252,13.923,35.337,1201.229644
21 Mar 2024 13:43:10.000,5995.612260,4249.986626,1848.893643,14.198,35.331,1201.277685
21 Mar 2024 13:43:15.000,5988.806748,4244.181871,1883.951796,14.473,35.325,1201.326586
21 Mar 2024 13:43:20.000,5981.860948,4238.285738,1918.966909,14.748,35.318,1201.376344
21 Mar 2024 13:43:25.000,5974.774949,4232.298463,1953.938182,15.023,35.312,1201.426952
21 Mar 2024 13:43:30.000,5967.548846,4226.220286,1988.864816,15.298,35.306,1201.478408
21 Mar 2024 13:43:35.000,5960.182738,4220.051445,2023.746013,15.572,35.300,1201.530705
21 Mar 2024 13:43:40.000,5952.676725,4213.792183,2058.580977,15.847,35.294,1201.583839
21 Mar 2024 13:43:45.000,5945.030911,4207.442745,2093.368912,16.122,35.288,1201.637806
21 Mar 2024 13:43:50.000,5937.245406,4201.003377,2128.109023,16.397,35.282,1201.692599
21 Mar 2024 13:43:55.000,5929.320319,4194.474326,2162.800516,16.672,35.276,1201.748215
21 Mar 2024 13:44:00.000,5921.255767,4187.855843,2197.442598,16.946,35.270,1201.804648
21 Mar 2024 13:44:05.000,5913.051866,4181.148180,2232.034479,17.221,35.264,1201.861892
21 Mar 2024 13:44:10.000,5904.708738,4174.351591,2266.575368,17.496,35.259,1201.919943
21 Mar 2024 13:44:15.000,5896.226508,4167.466332,2301.064476,17.771,35.253,1201.978795
21 Mar 2024 13:44:20.000,5887.605304,4160.492661,2335.501015,18.045,35.247,1202.038443
21 Mar 2024 13:44:25.000,5878.845257,4153.430837,2369.884199,18.320,35.241,1202.098881
21 Mar 2024 13:44:30.000,5869.946502,4146.281123,2404.213241,18.595,35.236,1202.160104
21 Mar 2024 13:44:35.000,5860.909177,4139.043781,2438.487357,18.869,35.230,1202.222105
21 Mar 2024 13:44:40.000,5851.733424,4131.719077,2472.705765,19.144,35.225,1202.284880
21 Mar 2024 13:44:45.000,5842.419386,4124.307278,2506.867683,19.419,35.219,1202.348422
21 Mar 2024 13:44:50.000,5832.967213,4116.808655,2540.972330,19.693,35.214,1202.412726
21 Mar 2024 13:44:55.000,5823.377055,4109.223477,2575.018928,19.968,35.208,1202.477786
21 Mar 2024 13:45:00.000,5813.649068,4101.552017,2609.006698,20.243,35.203,1202.543595
21 Mar 2024 13:45:05.000,5803.783410,4093.794552,2642.934863,20.517,35.198,1202.610148
21 Mar 2024 13:45:10.000,5793.780241,4085.951356,2676.802650,20.792,35.193,1202.677439
21 Mar 2024 13:45:15.000,5783.639727,4078.022708,2710.609283,21.067,35.188,1202.745460
21 Mar 2024 13:45:20.000,5773.362036,4070.008890,2744.353992,21.341,35.182,1202.814207
21 Mar 2024 13:45:25.000,5762.947338,4061.910182,2778.036004,21.616,35.177,1202.883672
21 Mar 2024 13:45:30.000,5752.395810,4053.726869,2811.654550,21.890,35.172,1202.953850
21 Mar 2024 13:45:35.000,5741.707628,4045.459236,2845.208863,22.165,35.168,1203.024733
21 Mar 2024 13:45:40.000,5730.882975,4037.107570,2878.698176,22.440,35.163,1203.096316
21 Mar 2024 13:45:45.000,5719.922034,4028.672162,2912.121723,22.714,35.158,1203.168591
21 Mar 2024 13:45:50.000,5708.824994,4020.153301,2945.478742,22.989,35.153,1203.241552
21 Mar 2024 13:45:55.000,5697.592045,4011.551282,2978.768469,23.263,35.149,1203.315193
21 Mar 2024 13:46:00.000,5686.223384,4002.866397,3011.990145,23.538,35.144,1203.389506
21 Mar 2024 13:46:05.000,5674.719206,3994.098943,3045.143010,23.812,35.139,1203.464484
21 Mar 2024 13:46:10.000,5663.079714,3985.249219,3078.226308,24.087,35.135,1203.540122
21 Mar 2024 13:46:15.000,5651.305112,3976.317524,3111.239282,24.361,35.131,1203.616411
21 Mar 2024 13:46:20.000,5639.395607,3967.304159,3144.181178,24.636,35.126,1203.693345
21 Mar 2024 13:46:25.000,5627.351412,3958.209428,3177.051244,24.910,35.122,1203.770916
21 Mar 2024 13:46:30.000,5615.172739,3949.033635,3209.848728,25.184,35.118,1203.849118
21 Mar 2024 13:46:35.000,5602.859806,3939.777086,3242.572882,25.459,35.114,1203.927944
21 Mar 2024 13:46:40.000,5590.412835,3930.440090,3275.222958,25.733,35.110,1204.007385
21 Mar 2024 13:46:45.000,5577.832049,3921.022957,3307.798209,26.008,35.106,1204.087435
21 Mar 2024 13:46:50.000,5565.117676,3911.525998,3340.297892,26.282,35.102,1204.168087
21 Mar 2024 13:46:55.000,5552.269947,3901.949526,3372.721265,26.556,35.098,1204.249333
21 Mar 2024 13:47:00.000,5539.289094,3892.293856,3405.067585,26.831,35.095,1204.331165
21 Mar 2024 13:47:05.000,5526.175356,3882.559304,3437.336116,27.105,35.091,1204.413575
21 Mar 2024 13:47:10.000,5512.928973,3872.746189,3469.526118,27.379,35.087,1204.496558
21 Mar 2024 13:47:15.000,5499.550189,3862.854829,3501.636858,27.654,35.084,1204.580104
21 Mar 2024 13:47:20.000,5486.039250,3852.885546,3533.667600,27.928,35.081,1204.664206
21 Mar 2024 13:47:25.000,5472.396406,3842.838663,3565.617615,28.202,35.077,1204.748856
21 Mar 2024 13:47:30.000,5458.621911,3832.714504,3597.486171,28.476,35.074,1204.834047
21 Mar 2024 13:47:35.000,5444.716022,3822.513396,3629.272540,28.751,35.071,1204.919770
21 Mar 2024 13:47:40.000,5430.678998,3812.235665,3660.975997,29.025,35.068,1205.006019
21 Mar 2024 13:47:45.000,5416.511102,3801.881640,3692.595818,29.299,35.065,1205.092784
21 Mar 2024 13:47:50.000,5402.212600,3791.451653,3724.131278,29.573,35.062,1205.180058
21 Mar 2024 13:47:55.000,5387.783762,3780.946035,3755.581660,29.848,35.060,1205.267833
21 Mar 2024 13:48:00.000,5373.224861,3770.365120,3786.946243,30.122,35.057,1205.356100
21 Mar 2024 13:48:05.000,5358.536173,3759.709242,3818.224311,30.396,35.055,1205.444853
21 Mar 2024 13:48:10.000,5343.717975,3748.978740,3849.415150,30.670,35.052,1205.534082
21 Mar 2024 13:48:15.000,5328.770552,3738.173950,3880.518048,30.944,35.050,1205.623779
21 Mar 2024 13:48:20.000,5313.694187,3727.295213,3911.532293,31.218,35.048,1205.713936
21 Mar 2024 13:48:25.000,5298.489170,3716.342869,3942.457176,31.492,35.046,1205.804545
21 Mar 2024 13:48:30.000,5283.155792,3705.317261,3973.291993,31.766,35.044,1205.895598
21 Mar 2024 13:48:35.000,5267.694349,3694.218733,4004.036038,32.040,35.042,1205.987085
21 Mar 2024 13:48:40.000,5252.105138,3683.047631,4034.688608,32.315,35.040,1206.078999
21 Mar 2024 13:48:45.000,5236.388460,3671.804300,4065.249004,32.589,35.038,1206.171332
21 Mar 2024 13:48:50.000,5220.544621,3660.489091,4095.716527,32.863,35.037,1206.264074
21 Mar 2024 13:48:55.000,5204.573927,3649.102351,4126.090481,33.137,35.036,1206.357218
21 Mar 2024 13:49:00.000,5188.476689,3637.644433,4156.370173,33.411,35.034,1206.450754
21 Mar 2024 13:49:05.000,5172.253221,3626.115689,4186.554911,33.685,35.033,1206.544674
21 Mar 2024 13:49:10.000,5155.903840,3614.516472,4216.644004,33.958,35.032,1206.638970
21 Mar 2024 13:49:15.000,5139.428866,3602.847138,4246.636766,34.232,35.031,1206.733633
21 Mar 2024 13:49:20.000,5122.828622,3591.108043,4276.532512,34.506,35.030,1206.828654
21 Mar 2024 13:49:25.000,5106.103434,3579.299546,4306.330558,34.780,35.030,1206.924024
21 Mar 2024 13:49:30.000,5089.253632,3567.422005,4336.030223,35.054,35.029,1207.019735
21 Mar 2024 13:49:35.000,5072.279548,3555.475781,4365.630830,35.328,35.029,1207.115778
21 Mar 2024 13:49:40.000,5055.181518,3543.461237,4395.131702,35.602,35.029,1207.212143
21 Mar 2024 13:49:45.000,5037.959880,3531.378735,4424.532164,35.876,35.029,1207.308824
21 Mar 2024 13:49:50.000,5020.614975,3519.228639,4453.831546,36.149,35.029,1207.405809
21 Mar 2024 13:49:55.000,5003.147150,3507.011316,4483.029178,36.423,35.029,1207.503091
21 Mar 2024 13:50:00.000,4985.556751,3494.727133,4512.124393,36.697,35.029,1207.600661