"Time (UTCG)","Satellite10717 - Satellite11501 - x (km)","Satellite10717 - Satellite11501 - y (km)","Satellite10717 - Satellite11501 - z (km)","Lat (deg)","Lon (deg)","Alt (km)"
21 Mar 2024 13:30:00.000,4239.440400,2947.300402,-5546.956447,-47.213,34.807,1211.478518
21 Mar 2024 13:30:05.000,4260.656913,2963.000065,-5522.281565,-46.940,34.816,1211.376838
21 Mar 2024 13:30:10.000,4281.788083,2978.616979,-5497.480523,-46.667,34.824,1211.275092
21 Mar 2024 13:30:15.000,4302.833369,2994.150853,-5472.553888,-46.394,34.832,1211.173288
21 Mar 2024 13:30:20.000,4323.792234,3009.601395,-5447.502230,-46.121,34.840,1211.071436
21 Mar 2024 13:30:25.000,4344.664141,3024.968319,-5422.326121,-45.848,34.848,1210.969545
21 Mar 2024 13:30:30.000,4365.448553,3040.251339,-5397.026136,-45.575,34.855,1210.867624
21 Mar 2024 13:30:35.000,4386.144938,3055.450173,-5371.602854,-45.301,34.862,1210.765683
21 Mar 2024 13:30:40.000,4406.752763,3070.564538,-5346.056854,-45.028,34.868,1210.663731
21 Mar 2024 13:30:45.000,4427.271501,3085.594157,-5320.388722,-44.755,34.875,1210.561777
21 Mar 2024 13:30:50.000,4447.700621,3100.538754,-5294.599042,-44.482,34.881,1210.459830
21 Mar 2024 13:30:55.000,4468.039598,3115.398055,-5268.688404,-44.209,34.887,1210.357900
21 Mar 2024 13:31:00.000,4488.287909,3130.171788,-5242.657400,-43.935,34.892,1210.255997
21 Mar 2024 13:31:05.000,4508.445029,3144.859684,-5216.506626,-43.662,34.898,1210.154129
21 Mar 2024 13:31:10.000,4528.510440,3159.461476,-5190.236677,-43.389,34.903,1210.052306
21 Mar 2024 13:31:15.000,4548.483622,3173.976900,-5163.848155,-43.116,34.908,1209.950536
21 Mar 2024 13:31:20.000,4568.364058,3188.405694,-5137.341662,-42.842,34.912,1209.848831
21 Mar 2024 13:31:25.000,4588.151233,3202.747597,-5110.717804,-42.569,34.917,1209.747198
21 Mar 2024 13:31:30.000,4607.844636,3217.002353,-5083.977190,-42.296,34.921,1209.645647
21 Mar 2024 13:31:35.000,4627.443754,3231.169706,-5057.120429,-42.022,34.925,1209.544187
21 Mar 2024 13:31:40.000,4646.948079,3245.249403,-5030.148135,-41.749,34.929,1209.442828
21 Mar 2024 13:31:45.000,4666.357103,3259.241193,-5003.060925,-41.475,34.933,1209.341579
21 Mar 2024 13:31:50.000,4685.670322,3273.144830,-4975.859418,-41.202,34.936,1209.240449
21 Mar 2024 13:31:55.000,4704.887232,3286.960067,-4948.544235,-40.928,34.939,1209.139447
21 Mar 2024 13:32:00.000,4724.007333,3300.686660,-4921.116000,-40.655,34.942,1209.038583
21 Mar 2024 13:32:05.000,4743.030125,3314.324370,-4893.575339,-40.381,34.945,1208.937866
21 Mar 2024 13:32:10.000,4761.955111,3327.872956,-4865.922882,-40.108,34.948,1208.837305
21 Mar 2024 13:32:15.000,4780.781797,3341.332184,-4838.159261,-39.834,34.950,1208.736909
21 Mar 2024 13:32:20.000,4799.509690,3354.701819,-4810.285109,-39.561,34.952,1208.636688
21 Mar 2024 13:32:25.000,4818.138298,3367.981631,-4782.301064,-39.287,34.954,1208.536650
21 Mar 2024 13:32:30.000,4836.667133,3381.171389,-4754.207765,-39.014,34.956,1208.436805
21 Mar 2024 13:32:35.000,4855.095708,3394.270868,-4726.005854,-38.740,34.958,1208.337163
21 Mar 2024 13:32:40.000,4873.423540,3407.279843,-4697.695974,-38.466,34.960,1208.237731
21 Mar 2024 13:32:45.000,4891.650144,3420.198092,-4669.278774,-38.193,34.961,1208.138519
21 Mar 2024 13:32:50.000,4909.775042,3433.025397,-4640.754901,-37.919,34.962,1208.039537
21 Mar 2024 13:32:55.000,4927.797755,3445.761540,-4612.125008,-37.645,34.963,1207.940793
21 Mar 2024 13:33:00.000,4945.717807,3458.406307,-4583.389749,-37.372,34.964,1207.842297
21 Mar 2024 13:33:05.000,4963.534724,3470.959485,-4554.549779,-37.098,34.965,1207.744057
21 Mar 2024 13:33:10.000,4981.248035,3483.420865,-4525.605759,-36.824,34.965,1207.646082
21 Mar 2024 13:33:15.000,4998.857270,3495.790239,-4496.558349,-36.550,34.966,1207.548382
21 Mar 2024 13:33:20.000,5016.361963,3508.067404,-4467.408213,-36.277,34.966,1207.450966
21 Mar 2024 13:33:25.000,5033.761648,3520.252156,-4438.156016,-36.003,34.966,1207.353841
21 Mar 2024 13:33:30.000,5051.055862,3532.344295,-4408.802428,-35.729,34.966,1207.257018
21 Mar 2024 13:33:35.000,5068.244146,3544.343625,-4379.348118,-35.455,34.966,1207.160505
21 Mar 2024 13:33:40.000,5085.326040,3556.249949,-4349.793760,-35.181,34.966,1207.064311
21 Mar 2024 13:33:45.000,5102.301090,3568.063076,-4320.140029,-34.907,34.965,1206.968445
21 Mar 2024 13:33:50.000,5119.168841,3579.782815,-4290.387601,-34.634,34.965,1206.872916
21 Mar 2024 13:33:55.000,5135.928842,3591.408978,-4260.537158,-34.360,34.964,1206.777731
21 Mar 2024 13:34:00.000,5152.580644,3602.941381,-4230.589381,-34.086,34.963,1206.682901
21 Mar 2024 13:34:05.000,5169.123800,3614.379840,-4200.544953,-33.812,34.962,1206.588434
21 Mar 2024 13:34:10.000,5185.557866,3625.724174,-4170.404562,-33.538,34.961,1206.494338
21 Mar 2024 13:34:15.000,5201.882401,3636.974208,-4140.168897,-33.264,34.960,1206.400622
21 Mar 2024 13:34:20.000,5218.096964,3648.129763,-4109.838646,-32.990,34.959,1206.307295
21 Mar 2024 13:34:25.000,5234.201117,3659.190669,-4079.414505,-32.716,34.957,1206.214366
21 Mar 2024 13:34:30.000,5250.194427,3670.156754,-4048.897167,-32.442,34.956,1206.121842
21 Mar 2024 13:34:35.000,5266.076461,3681.027850,-4018.287330,-32.168,34.954,1206.029732
21 Mar 2024 13:34:40.000,5281.846788,3691.803792,-3987.585693,-31.894,34.952,1205.938045
21 Mar 2024 13:34:45.000,5297.504981,3702.484416,-3956.792958,-31.620,34.950,1205.846790
21 Mar 2024 13:34:50.000,5313.050615,3713.069563,-3925.909828,-31.346,34.948,1205.755973
21 Mar 2024 13:34:55.000,5328.483267,3723.559073,-3894.937008,-31.071,34.946,1205.665605
21 Mar 2024 13:35:00.000,5343.802516,3733.952792,-3863.875207,-30.797,34.944,1205.575693
21 Mar 2024 13:35:05.000,5359.007944,3744.250566,-3832.725133,-30.523,34.941,1205.486246
21 Mar 2024 13:35:10.000,5374.099137,3754.452244,-3801.487499,-30.249,34.939,1205.397271
21 Mar 2024 13:35:15.000,5389.075681,3764.557679,-3770.163018,-29.975,34.936,1205.308777
21 Mar 2024 13:35:20.000,5403.937165,3774.566724,-3738.752405,-29.701,34.934,1205.220773
21 Mar 2024 13:35:25.000,5418.683183,3784.479237,-3707.256379,-29.427,34.931,1205.133265
21 Mar 2024 13:35:30.000,5433.313328,3794.295076,-3675.675659,-29.152,34.928,1205.046262
21 Mar 2024 13:35:35.000,5447.827197,3804.014103,-3644.010966,-28.878,34.925,1204.959773
21 Mar 2024 13:35:40.000,5462.224391,3813.636184,-3612.263024,-28.604,34.922,1204.873805
21 Mar 2024 13:35:45.000,5476.504511,3823.161183,-3580.432558,-28.330,34.919,1204.788365
21 Mar 2024 13:35:50.000,5490.667162,3832.588972,-3548.520295,-28.055,34.916,1204.703463
21 Mar 2024 13:35:55.000,5504.711951,3841.919420,-3516.526964,-27.781,34.912,1204.619105
21 Mar 2024 13:36:00.000,5518.638489,3851.152404,-3484.453297,-27.507,34.909,1204.535300
21 Mar 2024 13:36:05.000,5532.446388,3860.287799,-3452.300025,-27.232,34.906,1204.452055
21 Mar 2024 13:36:10.000,5546.135264,3869.325484,-3420.067884,-26.958,34.902,1204.369378
21 Mar 2024 13:36:15.000,5559.704732,3878.265342,-3387.757609,-26.684,34.898,1204.287276
21 Mar 2024 13:36:20.000,5573.154416,3887.107256,-3355.369940,-26.409,34.895,1204.205757
21 Mar 2024 13:36:25.000,5586.483936,3895.851113,-3322.905615,-26.135,34.891,1204.124828
21 Mar 2024 13:36:30.000,5599.692919,3904.496803,-3290.365377,-25.861,34.887,1204.044498
21 Mar 2024 13:36:35.000,5612.780993,3913.044218,-3257.749969,-25.586,34.883,1203.964773
21 Mar 2024 13:36:40.000,5625.747790,3921.493251,-3225.060136,-25.312,34.879,1203.885660
21 Mar 2024 13:36:45.000,5638.592942,3929.843799,-3192.296625,-25.037,34.875,1203.807168
21 Mar 2024 13:36:50.000,5651.316087,3938.095761,-3159.460184,-24.763,34.871,1203.729302
21 Mar 2024 13:36:55.000,5663.916862,3946.249040,-3126.551564,-24.489,34.866,1203.652071
21 Mar 2024 13:37:00.000,5676.394911,3954.303539,-3093.571516,-24.214,34.862,1203.575482
21 Mar 2024 13:37:05.000,5688.749877,3962.259166,-3060.520793,-23.940,34.858,1203.499541
21 Mar 2024 13:37:10.000,5700.981408,3970.115829,-3027.400152,-23.665,34.853,1203.424255
21 Mar 2024 13:37:15.000,5713.089153,3977.873440,-2994.210348,-23.391,34.848,1203.349632
21 Mar 2024 13:37:20.000,5725.072766,3985.531914,-2960.952140,-23.116,34.844,1203.275678
21 Mar 2024 13:37:25.000,5736.931901,3993.091167,-2927.626288,-22.842,34.839,1203.202401
21 Mar 2024 13:37:30.000,5748.666218,4000.551119,-2894.233552,-22.567,34.834,1203.129806
21 Mar 2024 13:37:35.000,5760.275376,4007.911691,-2860.774696,-22.293,34.830,1203.057901
21 Mar 2024 13:37:40.000,5771.759040,4015.172808,-2827.250484,-22.018,34.825,1202.986692
21 Mar 2024 13:37:45.000,5783.116876,4022.334396,-2793.661682,-21.743,34.820,1202.916185
21 Mar 2024 13:37:50.000,5794.348554,4029.396385,-2760.009058,-21.469,34.815,1202.846388
21 Mar 2024 13:37:55.000,5805.453746,4036.358706,-2726.293380,-21.194,34.810,1202.777307
21 Mar 2024 13:38:00.000,5816.432126,4043.221295,-2692.515418,-20.920,34.805,1202.708948
21 Mar 2024 13:38:05.000,5827.283373,4049.984086,-2658.675945,-20.645,34.799,1202.641317
21 Mar 2024 13:38:10.000,5838.007168,4056.647021,-2624.775732,-20.370,34.794,1202.574421
21 Mar 2024 13:38:15.000,5848.603194,4063.210040,-2590.815555,-20.096,34.789,1202.508265
21 Mar 2024 13:38:20.000,5859.071137,4069.673089,-2556.796190,-19.821,34.784,1202.442857
21 Mar 2024 13:38:25.000,5869.410686,4076.036113,-2522.718414,-19.546,34.778,1202.378201
21 Mar 2024 13:38:30.000,5879.621535,4082.299062,-2488.583004,-19.272,34.773,1202.314304
21 Mar 2024 13:38:35.000,5889.703377,4088.461888,-2454.390742,-18.997,34.767,1202.251172
21 Mar 2024 13:38:40.000,5899.655911,4094.524545,-2420.142408,-18.722,34.762,1202.188810
21 Mar 2024 13:38:45.000,5909.478837,4100.486990,-2385.838784,-18.448,34.756,1202.127225
21 Mar 2024 13:38:50.000,5919.171860,4106.349183,-2351.480655,-18.173,34.750,1202.066422
21 Mar 2024 13:38:55.000,5928.734686,4112.111084,-2317.068805,-17.898,34.745,1202.006406
21 Mar 2024 13:39:00.000,5938.167025,4117.772658,-2282.604021,-17.623,34.739,1201.947184
21 Mar 2024 13:39:05.000,5947.468588,4123.333872,-2248.087089,-17.349,34.733,1201.888760
21 Mar 2024 13:39:10.000,5956.639093,4128.794696,-2213.518798,-17.074,34.727,1201.831140
21 Mar 2024 13:39:15.000,5965.678256,4134.155100,-2178.899939,-16.799,34.722,1201.774330
21 Mar 2024 13:39:20.000,5974.585800,4139.415060,-2144.231301,-16.524,34.716,1201.718334
21 Mar 2024 13:39:25.000,5983.361449,4144.574551,-2109.513678,-16.250,34.710,1201.663158
21 Mar 2024 13:39:30.000,5992.004930,4149.633553,-2074.747861,-15.975,34.704,1201.608806
21 Mar 2024 13:39:35.000,6000.515973,4154.592048,-2039.934646,-15.700,34.698,1201.555285
21 Mar 2024 13:39:40.000,6008.894313,4159.450019,-2005.074827,-15.425,34.692,1201.502598
21 Mar 2024 13:39:45.000,6017.139685,4164.207454,-1970.169202,-15.150,34.685,1201.450751
21 Mar 2024 13:39:50.000,6025.251828,4168.864341,-1935.218567,-14.876,34.679,1201.399749
21 Mar 2024 13:39:55.000,6033.230486,4173.420672,-1900.223721,-14.601,34.673,1201.349595
21 Mar 2024 13:40:00.000,6041.075402,4177.876442,-1865.185463,-14.326,34.667,1201.300296
21 Mar 2024 13:40:05.000,6048.786327,4182.231645,-1830.104594,-14.051,34.661,1201.251854
21 Mar 2024 13:40:10.000,6056.363011,4186.486282,-1794.981916,-13.776,34.654,1201.204276
21 Mar 2024 13:40:15.000,6063.805209,4190.640354,-1759.818230,-13.501,34.648,1201.157565
21 Mar 2024 13:40:20.000,6071.112678,4194.693864,-1724.614341,-13.226,34.642,1201.111725
21 Mar 2024 13:40:25.000,6078.285179,4198.646820,-1689.371051,-12.952,34.635,1201.066761
21 Mar 2024 13:40:30.000,6085.322476,4202.499229,-1654.089168,-12.677,34.629,1201.022677
21 Mar 2024 13:40:35.000,6092.224336,4206.251104,-1618.769495,-12.402,34.622,1200.979477
21 Mar 2024 13:40:40.000,6098.990528,4209.902457,-1583.412841,-12.127,34.616,1200.937164
21 Mar 2024 13:40:45.000,6105.620826,4213.453306,-1548.020013,-11.852,34.609,1200.895744
21 Mar 2024 13:40:50.000,6112.115005,4216.903668,-1512.591820,-11.577,34.603,1200.855219
21 Mar 2024 13:40:55.000,6118.472845,4220.253564,-1477.129071,-11.302,34.596,1200.815594
21 Mar 2024 13:41:00.000,6124.694127,4223.503019,-1441.632576,-11.027,34.590,1200.776872
21 Mar 2024 13:41:05.000,6130.778638,4226.652058,-1406.103147,-10.752,34.583,1200.739057
21 Mar 2024 13:41:10.000,6136.726166,4229.700709,-1370.541594,-10.477,34.576,1200.702152
21 Mar 2024 13:41:15.000,6142.536503,4232.649004,-1334.948730,-10.202,34.570,1200.666160
21 Mar 2024 13:41:20.000,6148.209443,4235.496974,-1299.325369,-9.927,34.563,1200.631085
21 Mar 2024 13:41:25.000,6153.744784,4238.244657,-1263.672324,-9.652,34.556,1200.596931
21 Mar 2024 13:41:30.000,6159.142328,4240.892091,-1227.990410,-9.377,34.549,1200.563699
21 Mar 2024 13:41:35.000,6164.401879,4243.439314,-1192.280442,-9.102,34.543,1200.531395
21 Mar 2024 13:41:40.000,6169.523243,4245.886372,-1156.543235,-8.828,34.536,1200.500019
21 Mar 2024 13:41:45.000,6174.506233,4248.233308,-1120.779607,-8.553,34.529,1200.469576
21 Mar 2024 13:41:50.000,6179.350661,4250.480172,-1084.990374,-8.278,34.522,1200.440068
21 Mar 2024 13:41:55.000,6184.056344,4252.627011,-1049.176354,-8.003,34.515,1200.411497
21 Mar 2024 13:42:00.000,6188.623103,4254.673881,-1013.338365,-7.728,34.508,1200.383867
21 Mar 2024 13:42:05.000,6193.050762,4256.620835,-977.477226,-7.453,34.502,1200.357180
21 Mar 2024 13:42:10.000,6197.339145,4258.467930,-941.593755,-7.178,34.495,1200.331439
21 Mar 2024 13:42:15.000,6201.488084,4260.215227,-905.688774,-6.903,34.488,1200.306645
21 Mar 2024 13:42:20.000,6205.497411,4261.862788,-869.763101,-6.628,34.481,1200.282802
21 Mar 2024 13:42:25.000,6209.366963,4263.410676,-833.817559,-6.353,34.474,1200.259911
21 Mar 2024 13:42:30.000,6213.096578,4264.858960,-797.852967,-6.077,34.467,1200.237974
21 Mar 2024 13:42:35.000,6216.686100,4266.207708,-761.870148,-5.802,34.460,1200.216994
21 Mar 2024 13:42:40.000,6220.135374,4267.456992,-725.869924,-5.527,34.453,1200.196972
21 Mar 2024 13:42:45.000,6223.444249,4268.606886,-689.853117,-5.252,34.446,1200.177911
21 Mar 2024 13:42:50.000,6226.612578,4269.657466,-653.820549,-4.977,34.439,1200.159811
21 Mar 2024 13:42:55.000,6229.640217,4270.608812,-617.773045,-4.702,34.432,1200.142676
21 Mar 2024 13:43:00.000,6232.527024,4271.461003,-581.711428,-4.427,34.425,1200.126505
21 Mar 2024 13:43:05.000,6235.272861,4272.214125,-545.636521,-4.152,34.418,1200.111302
21 Mar 2024 13:43:10.000,6237.877594,4272.868262,-509.549149,-3.877,34.411,1200.097066
21 Mar 2024 13:43:15.000,6240.341091,4273.423503,-473.450136,-3.602,34.404,1200.083800
21 Mar 2024 13:43:20.000,6242.663224,4273.879938,-437.340306,-3.327,34.396,1200.071505
21 Mar 2024 13:43:25.000,6244.843868,4274.237660,-401.220486,-3.052,34.389,1200.060182
21 Mar 2024 13:43:30.000,6246.882903,4274.496764,-365.091499,-2.777,34.382,1200.049831
21 Mar 2024 13:43:35.000,6248.780209,4274.657348,-328.954171,-2.502,34.375,1200.040455
21 Mar 2024 13:43:40.000,6250.535672,4274.719512,-292.809329,-2.227,34.368,1200.032053
21 Mar 2024 13:43:45.000,6252.149179,4274.683357,-256.657797,-1.952,34.361,1200.024627
21 Mar 2024 13:43:50.000,6253.620624,4274.548989,-220.500402,-1.677,34.354,1200.018177
21 Mar 2024 13:43:55.000,6254.949900,4274.316513,-184.337969,-1.402,34.347,1200.012704
21 Mar 2024 13:44:00.000,6256.136906,4273.986040,-148.171325,-1.127,34.340,1200.008208
21 Mar 2024 13:44:05.000,6257.181543,4273.557679,-112.001296,-0.852,34.332,1200.004690
21 Mar 2024 13:44:10.000,6258.083716,4273.031546,-75.828708,-0.577,34.325,1200.002150
21 Mar 2024 13:44:15.000,6258.843335,4272.407756,-39.654387,-0.302,34.318,1200.000588
21 Mar 2024 13:44:20.000,6259.460309,4271.686427,-3.479161,-0.026,34.311,1200.000005
21 Mar 2024 13:44:25.000,6259.934554,4270.867680,32.696144,0.249,34.304,1200.000400
21 Mar 2024 13:44:30.000,6260.265988,4269.951637,68.870703,0.524,34.297,1200.001773
21 Mar 2024 13:44:35.000,6260.454532,4268.938424,105.043688,0.799,34.290,1200.004125
21 Mar 2024 13:44:40.000,6260.500112,4267.828167,141.214274,1.074,34.283,1200.007455
21 Mar 2024 13:44:45.000,6260.402656,4266.620997,177.381633,1.349,34.275,1200.011763
21 Mar 2024 13:44:50.000,6260.162095,4265.317045,213.544940,1.624,34.268,1200.017048
21 Mar 2024 13:44:55.000,6259.778363,4263.916446,249.703369,1.899,34.261,1200.023310
21 Mar 2024 13:45:00.000,6259.251400,4262.419335,285.856093,2.174,34.254,1200.030549
21 Mar 2024 13:45:05.000,6258.581147,4260.825852,322.002286,2.449,34.247,1200.038763
21 Mar 2024 13:45:10.000,6257.767549,4259.136136,358.141123,2.724,34.240,1200.047952
21 Mar 2024 13:45:15.000,6256.810554,4257.350332,394.271778,2.999,34.233,1200.058115
21 Mar 2024 13:45:20.000,6255.710114,4255.468583,430.393426,3.274,34.226,1200.069251
21 Mar 2024 13:45:25.000,6254.466183,4253.491039,466.505242,3.549,34.219,1200.081360
21 Mar 2024 13:45:30.000,6253.078721,4251.417847,502.606399,3.824,34.211,1200.094439
21 Mar 2024 13:45:35.000,6251.547688,4249.249161,538.696075,4.099,34.204,1200.108488
21 Mar 2024 13:45:40.000,6249.873051,4246.985134,574.773443,4.374,34.197,1200.123506
21 Mar 2024 13:45:45.000,6248.054777,4244.625922,610.837681,4.649,34.190,1200.139490
21 Mar 2024 13:45:50.000,6246.092839,4242.171684,646.887964,4.924,34.183,1200.156440
21 Mar 2024 13:45:55.000,6243.987212,4239.622581,682.923468,5.200,34.176,1200.174354
21 Mar 2024 13:46:00.000,6241.737874,4236.978774,718.943370,5.475,34.169,1200.193231
21 Mar 2024 13:46:05.000,6239.344808,4234.240430,754.946848,5.750,34.162,1200.213068
21 Mar 2024 13:46:10.000,6236.807998,4231.407715,790.933079,6.025,34.155,1200.233864
21 Mar 2024 13:46:15.000,6234.127434,4228.480798,826.901241,6.300,34.148,1200.255617
21 Mar 2024 13:46:20.000,6231.303108,4225.459852,862.850511,6.575,34.141,1200.278325
21 Mar 2024 13:46:25.000,6228.335016,4222.345048,898.780069,6.850,34.134,1200.301985
21 Mar 2024 13:46:30.000,6225.223156,4219.136564,934.689094,7.125,34.127,1200.326596
21 Mar 2024 13:46:35.000,6221.967531,4215.834576,970.576766,7.400,34.120,1200.352156
21 Mar 2024 13:46:40.000,6218.568147,4212.439265,1006.442264,7.675,34.114,1200.378661
21 Mar 2024 13:46:45.000,6215.025012,4208.950813,1042.284770,7.950,34.107,1200.406109
21 Mar 2024 13:46:50.000,6211.338140,4205.369404,1078.103464,8.225,34.100,1200.434499
21 Mar 2024 13:46:55.000,6207.507546,4201.695224,1113.897529,8.500,34.093,1200.463827
21 Mar 2024 13:47:00.000,6203.533250,4197.928461,1149.666145,8.775,34.086,1200.494091
21 Mar 2024 13:47:05.000,6199.415274,4194.069306,1185.408498,9.050,34.079,1200.525287
21 Mar 2024 13:47:10.000,6195.153645,4190.117951,1221.123768,9.325,34.073,1200.557414
21 Mar 2024 13:47:15.000,6190.748392,4186.074591,1256.811142,9.600,34.066,1200.590467
21 Mar 2024 13:47:20.000,6186.199549,4181.939423,1292.469803,9.874,34.059,1200.624444
21 Mar 2024 13:47:25.000,6181.507151,4177.712645,1328.098937,10.149,34.052,1200.659342
21 Mar 2024 13:47:30.000,6176.671238,4173.394458,1363.697730,10.424,34.046,1200.695158
21 Mar 2024 13:47:35.000,6171.691855,4168.985065,1399.265369,10.699,34.039,1200.731887
21 Mar 2024 13:47:40.000,6166.569046,4164.484670,1434.801040,10.974,34.032,1200.769528
21 Mar 2024 13:47:45.000,6161.302862,4159.893481,1470.303933,11.249,34.026,1200.808076
21 Mar 2024 13:47:50.000,6155.893358,4155.211706,1505.773236,11.524,34.019,1200.847528
21 Mar 2024 13:47:55.000,6150.340588,4150.439556,1541.208139,11.799,34.013,1200.887879
21 Mar 2024 13:48:00.000,6144.644615,4145.577245,1576.607832,12.074,34.006,1200.929128
21 Mar 2024 13:48:05.000,6138.805501,4140.624986,1611.971507,12.349,34.000,1200.971269
21 Mar 2024 13:48:10.000,6132.823313,4135.582998,1647.298355,12.624,33.993,1201.014298
21 Mar 2024 13:48:15.000,6126.698122,4130.451498,1682.587571,12.899,33.987,1201.058213
21 Mar 2024 13:48:20.000,6120.430002,4125.230708,1717.838346,13.174,33.980,1201.103008
21 Mar 2024 13:48:25.000,6114.019030,4119.920851,1753.049877,13.448,33.974,1201.148680
21 Mar 2024 13:48:30.000,6107.465287,4114.522152,1788.221358,13.723,33.968,1201.195224
21 Mar 2024 13:48:35.000,6100.768856,4109.034836,1823.351987,13.998,33.961,1201.242636
21 Mar 2024 13:48:40.000,6093.929826,4103.459133,1858.440960,14.273,33.955,1201.290911
21 Mar 2024 13:48:45.000,6086.948288,4097.795274,1893.487476,14.548,33.949,1201.340046
21 Mar 2024 13:48:50.000,6079.824335,4092.043492,1928.490734,14.823,33.943,1201.390036
21 Mar 2024 13:48:55.000,6072.558065,4086.204020,1963.449935,15.098,33.936,1201.440875
21 Mar 2024 13:49:00.000,6065.149580,4080.277095,1998.364280,15.372,33.930,1201.492560
21 Mar 2024 13:49:05.000,6057.598983,4074.262956,2033.232972,15.647,33.924,1201.545086
21 Mar 2024 13:49:10.000,6049.906384,4068.161842,2068.055213,15.922,33.918,1201.598447
21 Mar 2024 13:49:15.000,6042.071893,4061.973997,2102.830208,16.197,33.912,1201.652639
21 Mar 2024 13:49:20.000,6034.095625,4055.699663,2137.557163,16.472,33.906,1201.707657
21 Mar 2024 13:49:25.000,6025.977697,4049.339088,2172.235285,16.746,33.900,1201.763496
21 Mar 2024 13:49:30.000,6017.718233,4042.892518,2206.863780,17.021,33.894,1201.820150
21 Mar 2024 13:49:35.000,6009.317356,4036.360204,2241.441859,17.296,33.889,1201.877614
21 Mar 2024 13:49:40.000,6000.775195,4029.742396,2275.968731,17.571,33.883,1201.935884
21 Mar 2024 13:49:45.000,5992.091882,4023.039349,2310.443607,17.845,33.877,1201.994953
21 Mar 2024 13:49:50.000,5983.267551,4016.251318,2344.865700,18.120,33.871,1202.054817
21 Mar 2024 13:49:55.000,5974.302342,4009.378558,2379.234224,18.395,33.866,1202.115469
21 Mar 2024 13:50:00.000,5965.196396,4002.421331,2413.548392,18.669,33.860,1202.176904