"Time (UTCG)","Satellite10612 - Satellite11501 - x (km)","Satellite10612 - Satellite11501 - y (km)","Satellite10612 - Satellite11501 - z (km)","Lat (deg)","Lon (deg)","Alt (km)"
21 Mar 2024 13:30:00.000,-130.423846,-501.927080,-7560.371632,-86.098,-104.566,1221.284933
21 Mar 2024 13:30:05.000,-98.585677,-485.024232,-7561.956939,-86.276,-101.489,1221.293825
21 Mar 2024 13:30:10.000,-66.732939,-468.133608,-7563.369489,-86.443,-98.113,1221.301750
21 Mar 2024 13:30:15.000,-34.866363,-451.255602,-7564.609250,-86.595,-94.418,1221.308706
21 Mar 2024 13:30:20.000,-2.986682,-434.390607,-7565.676194,-86.732,-90.394,1221.314694
21 Mar 2024 13:30:25.000,28.905369,-417.539015,-7566.570296,-86.852,-86.040,1221.319712
21 Mar 2024 13:30:30.000,60.809056,-400.701218,-7567.291535,-86.951,-81.371,1221.323761
21 Mar 2024 13:30:35.000,92.723644,-383.877607,-7567.839897,-87.030,-76.421,1221.326839
21 Mar 2024 13:30:40.000,124.648399,-367.068570,-7568.215366,-87.084,-71.244,1221.328947
21 Mar 2024 13:30:45.000,156.582583,-350.274498,-7568.417936,-87.114,-65.914,1221.330085
21 Mar 2024 13:30:50.000,188.525462,-333.495778,-7568.447602,-87.119,-60.520,1221.330251
21 Mar 2024 13:30:55.000,220.476298,-316.732797,-7568.304363,-87.097,-55.158,1221.329447
21 Mar 2024 13:31:00.000,252.434353,-299.985942,-7567.988222,-87.051,-49.920,1221.327672
21 Mar 2024 13:31:05.000,284.398890,-283.255598,-7567.499186,-86.981,-44.885,1221.324927
21 Mar 2024 13:31:10.000,316.369171,-266.542149,-7566.837267,-86.888,-40.114,1221.321211
21 Mar 2024 13:31:15.000,348.344457,-249.845979,-7566.002479,-86.775,-35.650,1221.316525
21 Mar 2024 13:31:20.000,380.324009,-233.167471,-7564.994843,-86.644,-31.511,1221.310870
21 Mar 2024 13:31:25.000,412.307088,-216.507006,-7563.814380,-86.497,-27.704,1221.304246
21 Mar 2024 13:31:30.000,444.292954,-199.864965,-7562.461118,-86.335,-24.221,1221.296654
21 Mar 2024 13:31:35.000,476.280868,-183.241727,-7560.935087,-86.160,-21.043,1221.288093
21 Mar 2024 13:31:40.000,508.270087,-166.637672,-7559.236324,-85.975,-18.152,1221.278566
21 Mar 2024 13:31:45.000,540.259873,-150.053177,-7557.364865,-85.781,-15.522,1221.268073
21 Mar 2024 13:31:50.000,572.249484,-133.488619,-7555.320755,-85.578,-13.131,1221.256614
21 Mar 2024 13:31:55.000,604.238179,-116.944374,-7553.104039,-85.368,-10.954,1221.244192
21 Mar 2024 13:32:00.000,636.225215,-100.420817,-7550.714769,-85.152,-8.969,1221.230806
21 Mar 2024 13:32:05.000,668.209853,-83.918321,-7548.152999,-84.930,-7.158,1221.216459
21 Mar 2024 13:32:10.000,700.191349,-67.437260,-7545.418788,-84.704,-5.501,1221.201151
21 Mar 2024 13:32:15.000,732.168961,-50.978004,-7542.512197,-84.473,-3.983,1221.184884
21 Mar 2024 13:32:20.000,764.141947,-34.540925,-7539.433294,-84.239,-2.588,1221.167660
21 Mar 2024 13:32:25.000,796.109565,-18.126393,-7536.182149,-84.002,-1.304,1221.149479
21 Mar 2024 13:32:30.000,828.071072,-1.734776,-7532.758836,-83.762,-0.120,1221.130344
21 Mar 2024 13:32:35.000,860.025725,14.633559,-7529.163433,-83.519,0.975,1221.110257
21 Mar 2024 13:32:40.000,891.972781,30.978245,-7525.396023,-83.274,1.989,1221.089218
21 Mar 2024 13:32:45.000,923.911498,47.298916,-7521.456691,-83.027,2.931,1221.067231
21 Mar 2024 13:32:50.000,955.841132,63.595208,-7517.345527,-82.778,3.806,1221.044296
21 Mar 2024 13:32:55.000,987.760939,79.866758,-7513.062626,-82.528,4.623,1221.020416
21 Mar 2024 13:33:00.000,1019.670178,96.113204,-7508.608085,-82.276,5.385,1220.995594
21 Mar 2024 13:33:05.000,1051.568104,112.334185,-7503.982006,-82.023,6.098,1220.969831
21 Mar 2024 13:33:10.000,1083.453975,128.529340,-7499.184494,-81.768,6.765,1220.943130
21 Mar 2024 13:33:15.000,1115.327048,144.698312,-7494.215660,-81.512,7.392,1220.915494
21 Mar 2024 13:33:20.000,1147.186578,160.840742,-7489.075617,-81.256,7.981,1220.886924
21 Mar 2024 13:33:25.000,1179.031824,176.956275,-7483.764482,-80.998,8.536,1220.857423
21 Mar 2024 13:33:30.000,1210.862042,193.044554,-7478.282377,-80.740,9.058,1220.826994
21 Mar 2024 13:33:35.000,1242.676488,209.105225,-7472.629426,-80.481,9.552,1220.795640
21 Mar 2024 13:33:40.000,1274.474422,225.137936,-7466.805759,-80.221,10.018,1220.763363
21 Mar 2024 13:33:45.000,1306.255098,241.142335,-7460.811510,-79.960,10.459,1220.730167
21 Mar 2024 13:33:50.000,1338.017776,257.118071,-7454.646814,-79.699,10.878,1220.696055
21 Mar 2024 13:33:55.000,1369.761711,273.064795,-7448.311813,-79.438,11.274,1220.661028
21 Mar 2024 13:34:00.000,1401.486164,288.982158,-7441.806651,-79.175,11.651,1220.625092
21 Mar 2024 13:34:05.000,1433.190390,304.869813,-7435.131478,-78.913,12.009,1220.588249
21 Mar 2024 13:34:10.000,1464.873648,320.727415,-7428.286445,-78.649,12.350,1220.550501
21 Mar 2024 13:34:15.000,1496.535197,336.554619,-7421.271709,-78.386,12.674,1220.511854
21 Mar 2024 13:34:20.000,1528.174295,352.351082,-7414.087431,-78.122,12.984,1220.472310
21 Mar 2024 13:34:25.000,1559.790201,368.116461,-7406.733773,-77.857,13.279,1220.431872
21 Mar 2024 13:34:30.000,1591.382174,383.850415,-7399.210906,-77.593,13.561,1220.390545
21 Mar 2024 13:34:35.000,1622.949474,399.552606,-7391.518999,-77.328,13.831,1220.348332
21 Mar 2024 13:34:40.000,1654.491360,415.222694,-7383.658229,-77.062,14.088,1220.305237
21 Mar 2024 13:34:45.000,1686.007092,430.860343,-7375.628776,-76.797,14.335,1220.261264
21 Mar 2024 13:34:50.000,1717.495930,446.465217,-7367.430823,-76.531,14.572,1220.216416
21 Mar 2024 13:34:55.000,1748.957137,462.036981,-7359.064557,-76.264,14.798,1220.170699
21 Mar 2024 13:35:00.000,1780.389971,477.575302,-7350.530169,-75.998,15.016,1220.124116
21 Mar 2024 13:35:05.000,1811.793696,493.079847,-7341.827855,-75.731,15.224,1220.076670
21 Mar 2024 13:35:10.000,1843.167574,508.550288,-7332.957813,-75.464,15.425,1220.028368
21 Mar 2024 13:35:15.000,1874.510865,523.986293,-7323.920246,-75.197,15.617,1219.979212
21 Mar 2024 13:35:20.000,1905.822835,539.387535,-7314.715360,-74.930,15.803,1219.929208
21 Mar 2024 13:35:25.000,1937.102745,554.753688,-7305.343366,-74.663,15.981,1219.878359
21 Mar 2024 13:35:30.000,1968.349859,570.084426,-7295.804477,-74.395,16.152,1219.826671
21 Mar 2024 13:35:35.000,1999.563443,585.379425,-7286.098912,-74.127,16.318,1219.774148
21 Mar 2024 13:35:40.000,2030.742760,600.638363,-7276.226892,-73.859,16.477,1219.720795
21 Mar 2024 13:35:45.000,2061.887077,615.860917,-7266.188644,-73.591,16.630,1219.666617
21 Mar 2024 13:35:50.000,2092.995659,631.046769,-7255.984395,-73.323,16.778,1219.611618
21 Mar 2024 13:35:55.000,2124.067772,646.195599,-7245.614380,-73.054,16.921,1219.555804
21 Mar 2024 13:36:00.000,2155.102685,661.307091,-7235.078834,-72.786,17.059,1219.499180
21 Mar 2024 13:36:05.000,2186.099664,676.380929,-7224.378000,-72.517,17.192,1219.441750
21 Mar 2024 13:36:10.000,2217.057978,691.416798,-7213.512121,-72.248,17.321,1219.383520
21 Mar 2024 13:36:15.000,2247.976897,706.414385,-7202.481446,-71.979,17.445,1219.324496
21 Mar 2024 13:36:20.000,2278.855689,721.373379,-7191.286226,-71.710,17.565,1219.264682
21 Mar 2024 13:36:25.000,2309.693625,736.293469,-7179.926718,-71.441,17.681,1219.204084
21 Mar 2024 13:36:30.000,2340.489977,751.174347,-7168.403181,-71.172,17.794,1219.142708
21 Mar 2024 13:36:35.000,2371.244015,766.015705,-7156.715878,-70.902,17.903,1219.080558
21 Mar 2024 13:36:40.000,2401.955014,780.817237,-7144.865075,-70.633,18.008,1219.017642
21 Mar 2024 13:36:45.000,2432.622245,795.578639,-7132.851045,-70.363,18.110,1218.953963
21 Mar 2024 13:36:50.000,2463.244983,810.299608,-7120.674061,-70.094,18.209,1218.889529
21 Mar 2024 13:36:55.000,2493.822503,824.979842,-7108.334402,-69.824,18.305,1218.824345
21 Mar 2024 13:37:00.000,2524.354081,839.619041,-7095.832349,-69.554,18.398,1218.758416
21 Mar 2024 13:37:05.000,2554.838993,854.216906,-7083.168189,-69.284,18.487,1218.691750
21 Mar 2024 13:37:10.000,2585.276517,868.773141,-7070.342209,-69.014,18.575,1218.624351
21 Mar 2024 13:37:15.000,2615.665929,883.287448,-7057.354704,-68.744,18.659,1218.556226
21 Mar 2024 13:37:20.000,2646.006511,897.759535,-7044.205970,-68.474,18.741,1218.487381
21 Mar 2024 13:37:25.000,2676.297541,912.189108,-7030.896308,-68.204,18.821,1218.417823
21 Mar 2024 13:37:30.000,2706.538301,926.575876,-7017.426021,-67.934,18.898,1218.347557
21 Mar 2024 13:37:35.000,2736.728073,940.919548,-7003.795418,-67.663,18.974,1218.276591
21 Mar 2024 13:37:40.000,2766.866138,955.219838,-6990.004809,-67.393,19.046,1218.204930
21 Mar 2024 13:37:45.000,2796.951781,969.476458,-6976.054510,-67.123,19.117,1218.132581
21 Mar 2024 13:37:50.000,2826.984287,983.689122,-6961.944839,-66.852,19.186,1218.059550
21 Mar 2024 13:37:55.000,2856.962941,997.857547,-6947.676119,-66.581,19.253,1217.985845
21 Mar 2024 13:38:00.000,2886.887031,1011.981451,-6933.248676,-66.311,19.318,1217.911471
21 Mar 2024 13:38:05.000,2916.755843,1026.060553,-6918.662839,-66.040,19.381,1217.836436
21 Mar 2024 13:38:10.000,2946.568666,1040.094574,-6903.918942,-65.769,19.442,1217.760746
21 Mar 2024 13:38:15.000,2976.324791,1054.083236,-6889.017322,-65.499,19.502,1217.684409
21 Mar 2024 13:38:20.000,3006.023509,1068.026263,-6873.958318,-65.228,19.560,1217.607431
21 Mar 2024 13:38:25.000,3035.664111,1081.923381,-6858.742275,-64.957,19.616,1217.529819
21 Mar 2024 13:38:30.000,3065.245891,1095.774316,-6843.369541,-64.686,19.671,1217.451580
21 Mar 2024 13:38:35.000,3094.768142,1109.578798,-6827.840466,-64.415,19.724,1217.372721
21 Mar 2024 13:38:40.000,3124.230161,1123.336555,-6812.155406,-64.144,19.776,1217.293250
21 Mar 2024 13:38:45.000,3153.631245,1137.047321,-6796.314718,-63.873,19.827,1217.213173
21 Mar 2024 13:38:50.000,3182.970690,1150.710829,-6780.318766,-63.602,19.876,1217.132498
21 Mar 2024 13:38:55.000,3212.247797,1164.326813,-6764.167913,-63.330,19.924,1217.051233
21 Mar 2024 13:39:00.000,3241.461864,1177.895009,-6747.862530,-63.059,19.970,1216.969383
21 Mar 2024 13:39:05.000,3270.612195,1191.415157,-6731.402988,-62.788,20.016,1216.886958
21 Mar 2024 13:39:10.000,3299.698091,1204.886995,-6714.789664,-62.516,20.060,1216.803965
21 Mar 2024 13:39:15.000,3328.718857,1218.310265,-6698.022937,-62.245,20.103,1216.720411
21 Mar 2024 13:39:20.000,3357.673798,1231.684710,-6681.103190,-61.974,20.144,1216.636303
21 Mar 2024 13:39:25.000,3386.562220,1245.010075,-6664.030810,-61.702,20.185,1216.551649
21 Mar 2024 13:39:30.000,3415.383432,1258.286105,-6646.806187,-61.431,20.225,1216.466457
21 Mar 2024 13:39:35.000,3444.136743,1271.512548,-6629.429714,-61.159,20.263,1216.380735
21 Mar 2024 13:39:40.000,3472.821463,1284.689154,-6611.901788,-60.888,20.301,1216.294491
21 Mar 2024 13:39:45.000,3501.436905,1297.815673,-6594.222810,-60.616,20.337,1216.207731
21 Mar 2024 13:39:50.000,3529.982382,1310.891859,-6576.393184,-60.344,20.373,1216.120465
21 Mar 2024 13:39:55.000,3558.457209,1323.917466,-6558.413316,-60.073,20.408,1216.032700
21 Mar 2024 13:40:00.000,3586.860702,1336.892249,-6540.283619,-59.801,20.441,1215.944444
21 Mar 2024 13:40:05.000,3615.192179,1349.815967,-6522.004505,-59.529,20.474,1215.855705
21 Mar 2024 13:40:10.000,3643.450958,1362.688378,-6503.576392,-59.258,20.506,1215.766491
21 Mar 2024 13:40:15.000,3671.636362,1375.509243,-6484.999702,-58.986,20.538,1215.676810
21 Mar 2024 13:40:20.000,3699.747711,1388.278326,-6466.274859,-58.714,20.568,1215.586671
21 Mar 2024 13:40:25.000,3727.784330,1400.995390,-6447.402291,-58.442,20.597,1215.496081
21 Mar 2024 13:40:30.000,3755.745543,1413.660202,-6428.382428,-58.170,20.626,1215.405049
21 Mar 2024 13:40:35.000,3783.630678,1426.272528,-6409.215706,-57.898,20.654,1215.313584
21 Mar 2024 13:40:40.000,3811.439062,1438.832139,-6389.902561,-57.626,20.682,1215.221692
21 Mar 2024 13:40:45.000,3839.170026,1451.338805,-6370.443437,-57.354,20.708,1215.129384
21 Mar 2024 13:40:50.000,3866.822900,1463.792299,-6350.838776,-57.082,20.734,1215.036666
21 Mar 2024 13:40:55.000,3894.397019,1476.192395,-6331.089027,-56.810,20.759,1214.943548
21 Mar 2024 13:41:00.000,3921.891716,1488.538869,-6311.194641,-56.538,20.784,1214.850038
21 Mar 2024 13:41:05.000,3949.306328,1500.831500,-6291.156072,-56.266,20.808,1214.756145
21 Mar 2024 13:41:10.000,3976.640194,1513.070067,-6270.973779,-55.994,20.831,1214.661877
21 Mar 2024 13:41:15.000,4003.892651,1525.254350,-6250.648222,-55.721,20.854,1214.567242
21 Mar 2024 13:41:20.000,4031.063043,1537.384133,-6230.179866,-55.449,20.876,1214.472250
21 Mar 2024 13:41:25.000,4058.150712,1549.459201,-6209.569178,-55.177,20.898,1214.376908
21 Mar 2024 13:41:30.000,4085.155002,1561.479339,-6188.816630,-54.905,20.918,1214.281227
21 Mar 2024 13:41:35.000,4112.075260,1573.444336,-6167.922694,-54.632,20.939,1214.185213
21 Mar 2024 13:41:40.000,4138.910836,1585.353982,-6146.887850,-54.360,20.959,1214.088877
21 Mar 2024 13:41:45.000,4165.661077,1597.208068,-6125.712576,-54.088,20.978,1213.992226
21 Mar 2024 13:41:50.000,4192.325337,1609.006388,-6104.397358,-53.815,20.997,1213.895270
21 Mar 2024 13:41:55.000,4218.902969,1620.748736,-6082.942681,-53.543,21.015,1213.798017
21 Mar 2024 13:42:00.000,4245.393328,1632.434909,-6061.349037,-53.271,21.033,1213.700477
21 Mar 2024 13:42:05.000,4271.795772,1644.064706,-6039.616918,-52.998,21.050,1213.602658
21 Mar 2024 13:42:10.000,4298.109660,1655.637927,-6017.746820,-52.726,21.067,1213.504569
21 Mar 2024 13:42:15.000,4324.334353,1667.154374,-5995.739245,-52.453,21.083,1213.406219
21 Mar 2024 13:42:20.000,4350.469213,1678.613851,-5973.594693,-52.181,21.099,1213.307617
21 Mar 2024 13:42:25.000,4376.513605,1690.016163,-5951.313672,-51.908,21.114,1213.208772
21 Mar 2024 13:42:30.000,4402.466897,1701.361118,-5928.896690,-51.635,21.129,1213.109693
21 Mar 2024 13:42:35.000,4428.328457,1712.648524,-5906.344259,-51.363,21.144,1213.010388
21 Mar 2024 13:42:40.000,4454.097654,1723.878193,-5883.656894,-51.090,21.158,1212.910868
21 Mar 2024 13:42:45.000,4479.773863,1735.049937,-5860.835115,-50.817,21.172,1212.811141
21 Mar 2024 13:42:50.000,4505.356457,1746.163570,-5837.879442,-50.545,21.185,1212.711217
21 Mar 2024 13:42:55.000,4530.844813,1757.218909,-5814.790399,-50.272,21.198,1212.611103
21 Mar 2024 13:43:00.000,4556.238308,1768.215771,-5791.568514,-49.999,21.211,1212.510810
21 Mar 2024 13:43:05.000,4581.536325,1779.153976,-5768.214318,-49.727,21.223,1212.410347
21 Mar 2024 13:43:10.000,4606.738245,1790.033345,-5744.728345,-49.454,21.235,1212.309722
21 Mar 2024 13:43:15.000,4631.843453,1800.853703,-5721.111130,-49.181,21.246,1212.208945
21 Mar 2024 13:43:20.000,4656.851336,1811.614873,-5697.363213,-48.908,21.257,1212.108026
21 Mar 2024 13:43:25.000,4681.761281,1822.316683,-5673.485137,-48.635,21.268,1212.006972
21 Mar 2024 13:43:30.000,4706.572682,1832.958961,-5649.477448,-48.362,21.278,1211.905795
21 Mar 2024 13:43:35.000,4731.284929,1843.541538,-5625.340693,-48.089,21.288,1211.804502
21 Mar 2024 13:43:40.000,4755.897418,1854.064246,-5601.075424,-47.817,21.298,1211.703103
21 Mar 2024 13:43:45.000,4780.409548,1864.526919,-5576.682196,-47.544,21.308,1211.601607
21 Mar 2024 13:43:50.000,4804.820716,1874.929392,-5552.161566,-47.271,21.317,1211.500024
21 Mar 2024 13:43:55.000,4829.130324,1885.271505,-5527.514094,-46.998,21.325,1211.398363
21 Mar 2024 13:44:00.000,4853.337777,1895.553095,-5502.740343,-46.725,21.334,1211.296633
21 Mar 2024 13:44:05.000,4877.442480,1905.774004,-5477.840879,-46.452,21.342,1211.194843
21 Mar 2024 13:44:10.000,4901.443841,1915.934075,-5452.816271,-46.179,21.350,1211.093003
21 Mar 2024 13:44:15.000,4925.341271,1926.033153,-5427.667090,-45.905,21.358,1210.991122
21 Mar 2024 13:44:20.000,4949.134183,1936.071086,-5402.393912,-45.632,21.365,1210.889209
21 Mar 2024 13:44:25.000,4972.821991,1946.047720,-5376.997313,-45.359,21.372,1210.787274
21 Mar 2024 13:44:30.000,4996.404113,1955.962907,-5351.477874,-45.086,21.379,1210.685325
21 Mar 2024 13:44:35.000,5019.879968,1965.816499,-5325.836178,-44.813,21.386,1210.583373
21 Mar 2024 13:44:40.000,5043.248978,1975.608349,-5300.072810,-44.540,21.392,1210.481427
21 Mar 2024 13:44:45.000,5066.510566,1985.338314,-5274.188359,-44.267,21.398,1210.379495
21 Mar 2024 13:44:50.000,5089.664161,1995.006251,-5248.183417,-43.993,21.404,1210.277588
21 Mar 2024 13:44:55.000,5112.709189,2004.612019,-5222.058578,-43.720,21.409,1210.175714
21 Mar 2024 13:45:00.000,5135.645084,2014.155480,-5195.814437,-43.447,21.415,1210.073882
21 Mar 2024 13:45:05.000,5158.471277,2023.636497,-5169.451596,-43.173,21.420,1209.972103
21 Mar 2024 13:45:10.000,5181.187205,2033.054935,-5142.970656,-42.900,21.425,1209.870386
21 Mar 2024 13:45:15.000,5203.792307,2042.410660,-5116.372222,-42.627,21.429,1209.768739
21 Mar 2024 13:45:20.000,5226.286022,2051.703542,-5089.656902,-42.353,21.434,1209.667172
21 Mar 2024 13:45:25.000,5248.667795,2060.933450,-5062.825306,-42.080,21.438,1209.565694
21 Mar 2024 13:45:30.000,5270.937071,2070.100257,-5035.878048,-41.807,21.442,1209.464315
21 Mar 2024 13:45:35.000,5293.093298,2079.203837,-5008.815742,-41.533,21.446,1209.363044
21 Mar 2024 13:45:40.000,5315.135927,2088.244065,-4981.639007,-41.260,21.449,1209.261890
21 Mar 2024 13:45:45.000,5337.064410,2097.220821,-4954.348464,-40.986,21.453,1209.160863
21 Mar 2024 13:45:50.000,5358.878204,2106.133982,-4926.944736,-40.713,21.456,1209.059971
21 Mar 2024 13:45:55.000,5380.576766,2114.983431,-4899.428450,-40.439,21.459,1208.959224
21 Mar 2024 13:46:00.000,5402.159558,2123.769052,-4871.800234,-40.166,21.461,1208.858631
21 Mar 2024 13:46:05.000,5423.626041,2132.490728,-4844.060719,-39.892,21.464,1208.758202
21 Mar 2024 13:46:10.000,5444.975683,2141.148348,-4816.210539,-39.619,21.466,1208.657945
21 Mar 2024 13:46:15.000,5466.207951,2149.741799,-4788.250330,-39.345,21.469,1208.557869
21 Mar 2024 13:46:20.000,5487.322316,2158.270973,-4760.180731,-39.072,21.471,1208.457985
21 Mar 2024 13:46:25.000,5508.318252,2166.735763,-4732.002384,-38.798,21.473,1208.358300
21 Mar 2024 13:46:30.000,5529.195235,2175.136062,-4703.715931,-38.524,21.474,1208.258825
21 Mar 2024 13:46:35.000,5549.952743,2183.471766,-4675.322019,-38.251,21.476,1208.159568
21 Mar 2024 13:46:40.000,5570.590258,2191.742774,-4646.821298,-37.977,21.477,1208.060538
21 Mar 2024 13:46:45.000,5591.107265,2199.948986,-4618.214417,-37.703,21.478,1207.961745
21 Mar 2024 13:46:50.000,5611.503248,2208.090304,-4589.502031,-37.430,21.479,1207.863197
21 Mar 2024 13:46:55.000,5631.777699,2216.166630,-4560.684796,-37.156,21.480,1207.764904
21 Mar 2024 13:47:00.000,5651.930109,2224.177871,-4531.763369,-36.882,21.481,1207.666874
21 Mar 2024 13:47:05.000,5671.959973,2232.123933,-4502.738412,-36.609,21.481,1207.569117
21 Mar 2024 13:47:10.000,5691.866788,2240.004727,-4473.610587,-36.335,21.482,1207.471641
21 Mar 2024 13:47:15.000,5711.650054,2247.820162,-4444.380560,-36.061,21.482,1207.374455
21 Mar 2024 13:47:20.000,5731.309275,2255.570152,-4415.049000,-35.787,21.482,1207.277569
21 Mar 2024 13:47:25.000,5750.843956,2263.254612,-4385.616575,-35.513,21.482,1207.180991
21 Mar 2024 13:47:30.000,5770.253606,2270.873457,-4356.083959,-35.240,21.482,1207.084731
21 Mar 2024 13:47:35.000,5789.537736,2278.426607,-4326.451825,-34.966,21.482,1206.988796
21 Mar 2024 13:47:40.000,5808.695859,2285.913981,-4296.720852,-34.692,21.481,1206.893196
21 Mar 2024 13:47:45.000,5827.727493,2293.335502,-4266.891718,-34.418,21.481,1206.797939
21 Mar 2024 13:47:50.000,5846.632158,2300.691093,-4236.965104,-34.144,21.480,1206.703034
21 Mar 2024 13:47:55.000,5865.409376,2307.980681,-4206.941695,-33.870,21.479,1206.608491
21 Mar 2024 13:48:00.000,5884.058671,2315.204192,-4176.822176,-33.596,21.478,1206.514317
21 Mar 2024 13:48:05.000,5902.579574,2322.361557,-4146.607235,-33.322,21.477,1206.420521
21 Mar 2024 13:48:10.000,5920.971613,2329.452707,-4116.297563,-33.048,21.476,1206.327112
21 Mar 2024 13:48:15.000,5939.234324,2336.477575,-4085.893852,-32.774,21.475,1206.234099
21 Mar 2024 13:48:20.000,5957.367244,2343.436095,-4055.396797,-32.500,21.473,1206.141490
21 Mar 2024 13:48:25.000,5975.369911,2350.328205,-4024.807094,-32.226,21.472,1206.049293
21 Mar 2024 13:48:30.000,5993.241869,2357.153843,-3994.125443,-31.952,21.470,1205.957517
21 Mar 2024 13:48:35.000,6010.982663,2363.912951,-3963.352543,-31.678,21.468,1205.866170
21 Mar 2024 13:48:40.000,6028.591841,2370.605469,-3932.489099,-31.404,21.466,1205.775261
21 Mar 2024 13:48:45.000,6046.068956,2377.231343,-3901.535815,-31.130,21.464,1205.684799
21 Mar 2024 13:48:50.000,6063.413561,2383.790519,-3870.493398,-30.856,21.462,1205.594790
21 Mar 2024 13:48:55.000,6080.625213,2390.282944,-3839.362558,-30.582,21.460,1205.505245
21 Mar 2024 13:49:00.000,6097.703474,2396.708568,-3808.144006,-30.307,21.457,1205.416170
21 Mar 2024 13:49:05.000,6114.647907,2403.067343,-3776.838455,-30.033,21.455,1205.327575
21 Mar 2024 13:49:10.000,6131.458077,2409.359222,-3745.446620,-29.759,21.452,1205.239467
21 Mar 2024 13:49:15.000,6148.133555,2415.584160,-3713.969218,-29.485,21.450,1205.151854
21 Mar 2024 13:49:20.000,6164.673912,2421.742115,-3682.406969,-29.211,21.447,1205.064744
21 Mar 2024 13:49:25.000,6181.078724,2427.833045,-3650.760593,-28.937,21.444,1204.978146
21 Mar 2024 13:49:30.000,6197.347570,2433.856911,-3619.030814,-28.662,21.441,1204.892068
21 Mar 2024 13:49:35.000,6213.480030,2439.813675,-3587.218356,-28.388,21.438,1204.806517
21 Mar 2024 13:49:40.000,6229.475691,2445.703303,-3555.323946,-28.114,21.435,1204.721500
21 Mar 2024 13:49:45.000,6245.334139,2451.525760,-3523.348313,-27.839,21.432,1204.637027
21 Mar 2024 13:49:50.000,6261.054965,2457.281014,-3491.292188,-27.565,21.429,1204.553105
21 Mar 2024 13:49:55.000,6276.637763,2462.969035,-3459.156302,-27.291,21.425,1204.469741
21 Mar 2024 13:50:00.000,6292.082130,2468.589795,-3426.941390,-27.017,21.422,1204.386944