"Time (UTCG)","Satellite10812 - Satellite11501 - x (km)","Satellite10812 - Satellite11501 - y (km)","Satellite10812 - Satellite11501 - z (km)","Lat (deg)","Lon (deg)","Alt (km)"
21 Mar 2024 13:30:00.000,139.073516,-412.316564,-7565.633747,-86.727,-71.361,1221.314456
21 Mar 2024 13:30:05.000,163.239669,-385.537923,-7566.562873,-86.851,-67.052,1221.319671
21 Mar 2024 13:30:10.000,187.421654,-358.768166,-7567.319137,-86.955,-62.417,1221.323916
21 Mar 2024 13:30:15.000,211.618914,-332.007913,-7567.902521,-87.039,-57.487,1221.327191
21 Mar 2024 13:30:20.000,235.830892,-305.257784,-7568.313013,-87.099,-52.312,1221.329495
21 Mar 2024 13:30:25.000,260.057031,-278.518395,-7568.550603,-87.134,-46.963,1221.330829
21 Mar 2024 13:30:30.000,284.296774,-251.790365,-7568.615286,-87.144,-41.530,1221.331193
21 Mar 2024 13:30:35.000,308.549559,-225.074310,-7568.507060,-87.127,-36.109,1221.330585
21 Mar 2024 13:30:40.000,332.814829,-198.370847,-7568.225927,-87.086,-30.797,1221.329007
21 Mar 2024 13:30:45.000,357.092023,-171.680591,-7567.771895,-87.020,-25.677,1221.326458
21 Mar 2024 13:30:50.000,381.380578,-145.004156,-7567.144973,-86.931,-20.817,1221.322938
21 Mar 2024 13:30:55.000,405.679934,-118.342156,-7566.345176,-86.821,-16.263,1221.318449
21 Mar 2024 13:31:00.000,429.989527,-91.695205,-7565.372521,-86.693,-12.038,1221.312990
21 Mar 2024 13:31:05.000,454.308795,-65.063916,-7564.227032,-86.547,-8.150,1221.306562
21 Mar 2024 13:31:10.000,478.637172,-38.448899,-7562.908735,-86.387,-4.593,1221.299165
21 Mar 2024 13:31:15.000,502.974095,-11.850766,-7561.417659,-86.215,-1.350,1221.290800
21 Mar 2024 13:31:20.000,527.318999,14.729872,-7559.753838,-86.031,1.600,1221.281468
21 Mar 2024 13:31:25.000,551.671317,41.292408,-7557.917311,-85.837,4.281,1221.271170
21 Mar 2024 13:31:30.000,576.030482,67.836232,-7555.908120,-85.635,6.717,1221.259907
21 Mar 2024 13:31:35.000,600.395928,94.360736,-7553.726310,-85.426,8.932,1221.247679
21 Mar 2024 13:31:40.000,624.767088,120.865314,-7551.371932,-85.210,10.949,1221.234488
21 Mar 2024 13:31:45.000,649.143391,147.349360,-7548.845038,-84.989,12.789,1221.220334
21 Mar 2024 13:31:50.000,673.524271,173.812268,-7546.145688,-84.763,14.470,1221.205220
21 Mar 2024 13:31:55.000,697.909157,200.253435,-7543.273942,-84.533,16.010,1221.189147
21 Mar 2024 13:32:00.000,722.297480,226.672258,-7540.229866,-84.299,17.423,1221.172116
21 Mar 2024 13:32:05.000,746.688669,253.068133,-7537.013529,-84.062,18.723,1221.154128
21 Mar 2024 13:32:10.000,771.082152,279.440460,-7533.625006,-83.822,19.921,1221.135185
21 Mar 2024 13:32:15.000,795.477360,305.788638,-7530.064374,-83.579,21.027,1221.115289
21 Mar 2024 13:32:20.000,819.873719,332.112067,-7526.331713,-83.334,22.052,1221.094442
21 Mar 2024 13:32:25.000,844.270658,358.410150,-7522.427109,-83.087,23.002,1221.072646
21 Mar 2024 13:32:30.000,868.667603,384.682289,-7518.350652,-82.838,23.886,1221.049902
21 Mar 2024 13:32:35.000,893.063981,410.927886,-7514.102434,-82.588,24.709,1221.026213
21 Mar 2024 13:32:40.000,917.459219,437.146347,-7509.682553,-82.336,25.477,1221.001580
21 Mar 2024 13:32:45.000,941.852743,463.337078,-7505.091109,-82.083,26.195,1220.976007
21 Mar 2024 13:32:50.000,966.243978,489.499484,-7500.328208,-81.828,26.867,1220.949494
21 Mar 2024 13:32:55.000,990.632348,515.632974,-7495.393957,-81.572,27.497,1220.922046
21 Mar 2024 13:33:00.000,1015.017280,541.736956,-7490.288471,-81.316,28.090,1220.893663
21 Mar 2024 13:33:05.000,1039.398197,567.810840,-7485.011866,-81.058,28.647,1220.864350
21 Mar 2024 13:33:10.000,1063.774524,593.854037,-7479.564261,-80.800,29.173,1220.834107
21 Mar 2024 13:33:15.000,1088.145683,619.865959,-7473.945782,-80.541,29.668,1220.802939
21 Mar 2024 13:33:20.000,1112.511099,645.846019,-7468.156557,-80.281,30.136,1220.770848
21 Mar 2024 13:33:25.000,1136.870195,671.793632,-7462.196718,-80.020,30.579,1220.737836
21 Mar 2024 13:33:30.000,1161.222394,697.708213,-7456.066402,-79.759,30.999,1220.703908
21 Mar 2024 13:33:35.000,1185.567117,723.589179,-7449.765748,-79.497,31.397,1220.669065
21 Mar 2024 13:33:40.000,1209.903789,749.435948,-7443.294900,-79.235,31.775,1220.633311
21 Mar 2024 13:33:45.000,1234.231829,775.247938,-7436.654007,-78.972,32.134,1220.596649
21 Mar 2024 13:33:50.000,1258.550662,801.024570,-7429.843219,-78.709,32.475,1220.559083
21 Mar 2024 13:33:55.000,1282.859707,826.765265,-7422.862693,-78.445,32.801,1220.520616
21 Mar 2024 13:34:00.000,1307.158387,852.469446,-7415.712588,-78.181,33.111,1220.481252
21 Mar 2024 13:34:05.000,1331.446122,878.136538,-7408.393067,-77.917,33.406,1220.440993
21 Mar 2024 13:34:10.000,1355.722335,903.765965,-7400.904298,-77.652,33.689,1220.399844
21 Mar 2024 13:34:15.000,1379.986445,929.357154,-7393.246451,-77.387,33.958,1220.357808
21 Mar 2024 13:34:20.000,1404.237874,954.909532,-7385.419702,-77.121,34.216,1220.314890
21 Mar 2024 13:34:25.000,1428.476042,980.422529,-7377.424229,-76.856,34.463,1220.271092
21 Mar 2024 13:34:30.000,1452.700370,1005.895575,-7369.260215,-76.590,34.700,1220.226420
21 Mar 2024 13:34:35.000,1476.910279,1031.328102,-7360.927847,-76.323,34.927,1220.180877
21 Mar 2024 13:34:40.000,1501.105188,1056.719544,-7352.427314,-76.057,35.144,1220.134466
21 Mar 2024 13:34:45.000,1525.284518,1082.069333,-7343.758812,-75.790,35.353,1220.087193
21 Mar 2024 13:34:50.000,1549.447689,1107.376908,-7334.922538,-75.523,35.553,1220.039062
21 Mar 2024 13:34:55.000,1573.594121,1132.641703,-7325.918694,-75.256,35.746,1219.990077
21 Mar 2024 13:35:00.000,1597.723235,1157.863159,-7316.747485,-74.989,35.931,1219.940242
21 Mar 2024 13:35:05.000,1621.834451,1183.040715,-7307.409122,-74.721,36.109,1219.889562
21 Mar 2024 13:35:10.000,1645.927188,1208.173812,-7297.903817,-74.453,36.280,1219.838041
21 Mar 2024 13:35:15.000,1670.000867,1233.261894,-7288.231788,-74.186,36.445,1219.785685
21 Mar 2024 13:35:20.000,1694.054908,1258.304405,-7278.393256,-73.918,36.604,1219.732497
21 Mar 2024 13:35:25.000,1718.088732,1283.300790,-7268.388445,-73.649,36.757,1219.678483
21 Mar 2024 13:35:30.000,1742.101758,1308.250497,-7258.217584,-73.381,36.905,1219.623648
21 Mar 2024 13:35:35.000,1766.093407,1333.152974,-7247.880905,-73.113,37.048,1219.567996
21 Mar 2024 13:35:40.000,1790.063100,1358.007672,-7237.378645,-72.844,37.185,1219.511533
21 Mar 2024 13:35:45.000,1814.010256,1382.814043,-7226.711043,-72.575,37.318,1219.454264
21 Mar 2024 13:35:50.000,1837.934297,1407.571539,-7215.878344,-72.306,37.446,1219.396193
21 Mar 2024 13:35:55.000,1861.834643,1432.279616,-7204.880794,-72.037,37.571,1219.337327
21 Mar 2024 13:36:00.000,1885.710715,1456.937729,-7193.718645,-71.768,37.690,1219.277670
21 Mar 2024 13:36:05.000,1909.561935,1481.545337,-7182.392152,-71.499,37.806,1219.217228
21 Mar 2024 13:36:10.000,1933.387723,1506.101899,-7170.901573,-71.230,37.918,1219.156006
21 Mar 2024 13:36:15.000,1957.187501,1530.606877,-7159.247172,-70.960,38.027,1219.094010
21 Mar 2024 13:36:20.000,1980.960690,1555.059732,-7147.429214,-70.691,38.132,1219.031246
21 Mar 2024 13:36:25.000,2004.706713,1579.459929,-7135.447969,-70.421,38.234,1218.967719
21 Mar 2024 13:36:30.000,2028.424991,1603.806934,-7123.303712,-70.152,38.332,1218.903434
21 Mar 2024 13:36:35.000,2052.114946,1628.100214,-7110.996718,-69.882,38.428,1218.838399
21 Mar 2024 13:36:40.000,2075.776002,1652.339239,-7098.527271,-69.612,38.520,1218.772618
21 Mar 2024 13:36:45.000,2099.407581,1676.523479,-7085.895654,-69.342,38.610,1218.706098
21 Mar 2024 13:36:50.000,2123.009106,1700.652406,-7073.102157,-69.072,38.697,1218.638844
21 Mar 2024 13:36:55.000,2146.580000,1724.725496,-7060.147071,-68.802,38.781,1218.570863
21 Mar 2024 13:37:00.000,2170.119688,1748.742223,-7047.030692,-68.532,38.863,1218.502160
21 Mar 2024 13:37:05.000,2193.627593,1772.702065,-7033.753320,-68.262,38.942,1218.432743
21 Mar 2024 13:37:10.000,2217.103139,1796.604501,-7020.315258,-67.991,39.019,1218.362618
21 Mar 2024 13:37:15.000,2240.545752,1820.449013,-7006.716814,-67.721,39.094,1218.291789
21 Mar 2024 13:37:20.000,2263.954857,1844.235082,-6992.958298,-67.451,39.167,1218.220266
21 Mar 2024 13:37:25.000,2287.329878,1867.962194,-6979.040024,-67.180,39.237,1218.148052
21 Mar 2024 13:37:30.000,2310.670242,1891.629834,-6964.962311,-66.910,39.305,1218.075156
21 Mar 2024 13:37:35.000,2333.975375,1915.237491,-6950.725479,-66.639,39.372,1218.001584
21 Mar 2024 13:37:40.000,2357.244704,1938.784654,-6936.329855,-66.368,39.437,1217.927342
21 Mar 2024 13:37:45.000,2380.477656,1962.270815,-6921.775767,-66.098,39.499,1217.852437
21 Mar 2024 13:37:50.000,2403.673659,1985.695467,-6907.063547,-65.827,39.560,1217.776876
21 Mar 2024 13:37:55.000,2426.832141,2009.058106,-6892.193532,-65.556,39.620,1217.700666
21 Mar 2024 13:38:00.000,2449.952529,2032.358227,-6877.166061,-65.285,39.677,1217.623814
21 Mar 2024 13:38:05.000,2473.034255,2055.595330,-6861.981478,-65.014,39.733,1217.546327
21 Mar 2024 13:38:10.000,2496.076746,2078.768916,-6846.640129,-64.743,39.788,1217.468211
21 Mar 2024 13:38:15.000,2519.079433,2101.878488,-6831.142366,-64.472,39.841,1217.389474
21 Mar 2024 13:38:20.000,2542.041747,2124.923549,-6815.488542,-64.201,39.893,1217.310122
21 Mar 2024 13:38:25.000,2564.963119,2147.903605,-6799.679014,-63.930,39.943,1217.230164
21 Mar 2024 13:38:30.000,2587.842980,2170.818166,-6783.714144,-63.659,39.992,1217.149607
21 Mar 2024 13:38:35.000,2610.680764,2193.666740,-6767.594297,-63.388,40.039,1217.068457
21 Mar 2024 13:38:40.000,2633.475903,2216.448841,-6751.319841,-63.116,40.085,1216.986722
21 Mar 2024 13:38:45.000,2656.227831,2239.163981,-6734.891147,-62.845,40.130,1216.904410
21 Mar 2024 13:38:50.000,2678.935981,2261.811678,-6718.308592,-62.574,40.174,1216.821527
21 Mar 2024 13:38:55.000,2701.599789,2284.391447,-6701.572553,-62.302,40.217,1216.738082
21 Mar 2024 13:39:00.000,2724.218691,2306.902810,-6684.683414,-62.031,40.258,1216.654082
21 Mar 2024 13:39:05.000,2746.792121,2329.345288,-6667.641559,-61.759,40.299,1216.569535
21 Mar 2024 13:39:10.000,2769.319519,2351.718404,-6650.447379,-61.488,40.338,1216.484448
21 Mar 2024 13:39:15.000,2791.800319,2374.021685,-6633.101266,-61.216,40.376,1216.398829
21 Mar 2024 13:39:20.000,2814.233962,2396.254657,-6615.603617,-60.945,40.414,1216.312686
21 Mar 2024 13:39:25.000,2836.619886,2418.416851,-6597.954831,-60.673,40.450,1216.226027
21 Mar 2024 13:39:30.000,2858.957531,2440.507798,-6580.155311,-60.402,40.485,1216.138859
21 Mar 2024 13:39:35.000,2881.246338,2462.527032,-6562.205464,-60.130,40.520,1216.051191
21 Mar 2024 13:39:40.000,2903.485746,2484.474089,-6544.105700,-59.858,40.553,1215.963030
21 Mar 2024 13:39:45.000,2925.675200,2506.348506,-6525.856433,-59.586,40.586,1215.874384
21 Mar 2024 13:39:50.000,2947.814141,2528.149823,-6507.458079,-59.315,40.618,1215.785262
21 Mar 2024 13:39:55.000,2969.902013,2549.877582,-6488.911060,-59.043,40.648,1215.695672
21 Mar 2024 13:40:00.000,2991.938261,2571.531328,-6470.215797,-58.771,40.679,1215.605621
21 Mar 2024 13:40:05.000,3013.922329,2593.110606,-6451.372720,-58.499,40.708,1215.515118
21 Mar 2024 13:40:10.000,3035.853665,2614.614964,-6432.382257,-58.227,40.737,1215.424171
21 Mar 2024 13:40:15.000,3057.731715,2636.043953,-6413.244844,-57.955,40.764,1215.332789
21 Mar 2024 13:40:20.000,3079.555927,2657.397125,-6393.960917,-57.683,40.791,1215.240979
21 Mar 2024 13:40:25.000,3101.325750,2678.674034,-6374.530916,-57.411,40.818,1215.148750
21 Mar 2024 13:40:30.000,3123.040634,2699.874237,-6354.955286,-57.139,40.843,1215.056111
21 Mar 2024 13:40:35.000,3144.700029,2720.997294,-6335.234474,-56.867,40.868,1214.963070
21 Mar 2024 13:40:40.000,3166.303388,2742.042764,-6315.368930,-56.595,40.893,1214.869635
21 Mar 2024 13:40:45.000,3187.850161,2763.010212,-6295.359109,-56.323,40.917,1214.775814
21 Mar 2024 13:40:50.000,3209.339804,2783.899201,-6275.205467,-56.051,40.940,1214.681617
21 Mar 2024 13:40:55.000,3230.771770,2804.709301,-6254.908464,-55.778,40.962,1214.587052
21 Mar 2024 13:41:00.000,3252.145516,2825.440079,-6234.468566,-55.506,40.984,1214.492128
21 Mar 2024 13:41:05.000,3273.460496,2846.091109,-6213.886237,-55.234,41.005,1214.396852
21 Mar 2024 13:41:10.000,3294.716170,2866.661964,-6193.161949,-54.962,41.026,1214.301235
21 Mar 2024 13:41:15.000,3315.911996,2887.152221,-6172.296175,-54.689,41.046,1214.205284
21 Mar 2024 13:41:20.000,3337.047433,2907.561458,-6151.289392,-54.417,41.066,1214.109008
21 Mar 2024 13:41:25.000,3358.121942,2927.889255,-6130.142080,-54.145,41.085,1214.012416
21 Mar 2024 13:41:30.000,3379.134985,2948.135197,-6108.854722,-53.872,41.103,1213.915517
21 Mar 2024 13:41:35.000,3400.086024,2968.298867,-6087.427803,-53.600,41.121,1213.818320
21 Mar 2024 13:41:40.000,3420.974524,2988.379853,-6065.861814,-53.327,41.139,1213.720833
21 Mar 2024 13:41:45.000,3441.799949,3008.377746,-6044.157248,-53.055,41.156,1213.623066
21 Mar 2024 13:41:50.000,3462.561766,3028.292137,-6022.314600,-52.782,41.172,1213.525027
21 Mar 2024 13:41:55.000,3483.259443,3048.122620,-6000.334369,-52.510,41.188,1213.426725
21 Mar 2024 13:42:00.000,3503.892447,3067.868792,-5978.217057,-52.237,41.204,1213.328169
21 Mar 2024 13:42:05.000,3524.460249,3087.530253,-5955.963170,-51.965,41.219,1213.229368
21 Mar 2024 13:42:10.000,3544.962319,3107.106602,-5933.573216,-51.692,41.234,1213.130331
21 Mar 2024 13:42:15.000,3565.398130,3126.597445,-5911.047706,-51.419,41.248,1213.031068
21 Mar 2024 13:42:20.000,3585.767154,3146.002386,-5888.387156,-51.147,41.262,1212.931587
21 Mar 2024 13:42:25.000,3606.068866,3165.321033,-5865.592082,-50.874,41.276,1212.831897
21 Mar 2024 13:42:30.000,3626.302743,3184.552999,-5842.663006,-50.601,41.289,1212.732007
21 Mar 2024 13:42:35.000,3646.468261,3203.697894,-5819.600452,-50.329,41.302,1212.631927
21 Mar 2024 13:42:40.000,3666.564898,3222.755335,-5796.404945,-50.056,41.314,1212.531665
21 Mar 2024 13:42:45.000,3686.592134,3241.724939,-5773.077017,-49.783,41.326,1212.431232
21 Mar 2024 13:42:50.000,3706.549450,3260.606326,-5749.617200,-49.510,41.338,1212.330635
21 Mar 2024 13:42:55.000,3726.436329,3279.399118,-5726.026031,-49.238,41.349,1212.229884
21 Mar 2024 13:43:00.000,3746.252253,3298.102941,-5702.304047,-48.965,41.360,1212.128988
21 Mar 2024 13:43:05.000,3765.996707,3316.717421,-5678.451791,-48.692,41.370,1212.027957
21 Mar 2024 13:43:10.000,3785.669178,3335.242188,-5654.469808,-48.419,41.381,1211.926799
21 Mar 2024 13:43:15.000,3805.269154,3353.676874,-5630.358646,-48.146,41.391,1211.825525
21 Mar 2024 13:43:20.000,3824.796123,3372.021114,-5606.118855,-47.873,41.400,1211.724142
21 Mar 2024 13:43:25.000,3844.249575,3390.274543,-5581.750990,-47.600,41.409,1211.622661
21 Mar 2024 13:43:30.000,3863.629003,3408.436802,-5557.255607,-47.327,41.418,1211.521091
21 Mar 2024 13:43:35.000,3882.933900,3426.507532,-5532.633266,-47.054,41.427,1211.419441
21 Mar 2024 13:43:40.000,3902.163759,3444.486378,-5507.884529,-46.781,41.435,1211.317719
21 Mar 2024 13:43:45.000,3921.318079,3462.372985,-5483.009961,-46.508,41.443,1211.215937
21 Mar 2024 13:43:50.000,3940.396354,3480.167003,-5458.010131,-46.235,41.451,1211.114102
21 Mar 2024 13:43:55.000,3959.398086,3497.868083,-5432.885611,-45.962,41.458,1211.012224
21 Mar 2024 13:44:00.000,3978.322774,3515.475880,-5407.636973,-45.689,41.466,1210.910312
21 Mar 2024 13:44:05.000,3997.169920,3532.990050,-5382.264795,-45.416,41.473,1210.808377
21 Mar 2024 13:44:10.000,4015.939028,3550.410252,-5356.769656,-45.143,41.479,1210.706426
21 Mar 2024 13:44:15.000,4034.629603,3567.736147,-5331.152140,-44.869,41.486,1210.604470
21 Mar 2024 13:44:20.000,4053.241151,3584.967400,-5305.412830,-44.596,41.492,1210.502517
21 Mar 2024 13:44:25.000,4071.773181,3602.103677,-5279.552316,-44.323,41.498,1210.400577
21 Mar 2024 13:44:30.000,4090.225201,3619.144646,-5253.571188,-44.050,41.503,1210.298660
21 Mar 2024 13:44:35.000,4108.596724,3636.089980,-5227.470039,-43.777,41.509,1210.196774
21 Mar 2024 13:44:40.000,4126.887262,3652.939352,-5201.249466,-43.503,41.514,1210.094929
21 Mar 2024 13:44:45.000,4145.096329,3669.692439,-5174.910068,-43.230,41.519,1209.993135
21 Mar 2024 13:44:50.000,4163.223442,3686.348921,-5148.452446,-42.957,41.523,1209.891400
21 Mar 2024 13:44:55.000,4181.268119,3702.908478,-5121.877206,-42.683,41.528,1209.789733
21 Mar 2024 13:45:00.000,4199.229878,3719.370796,-5095.184953,-42.410,41.532,1209.688145
21 Mar 2024 13:45:05.000,4217.108240,3735.735560,-5068.376299,-42.137,41.536,1209.586645
21 Mar 2024 13:45:10.000,4234.902729,3752.002460,-5041.451855,-41.863,41.540,1209.485241
21 Mar 2024 13:45:15.000,4252.612868,3768.171189,-5014.412236,-41.590,41.544,1209.383943
21 Mar 2024 13:45:20.000,4270.238184,3784.241440,-4987.258061,-41.316,41.547,1209.282760
21 Mar 2024 13:45:25.000,4287.778204,3800.212911,-4959.989949,-41.043,41.550,1209.181702
21 Mar 2024 13:45:30.000,4305.232458,3816.085301,-4932.608524,-40.769,41.553,1209.080778
21 Mar 2024 13:45:35.000,4322.600476,3831.858313,-4905.114410,-40.496,41.556,1208.979996
21 Mar 2024 13:45:40.000,4339.881793,3847.531652,-4877.508237,-40.222,41.559,1208.879367
21 Mar 2024 13:45:45.000,4357.075941,3863.105024,-4849.790635,-39.949,41.561,1208.778900
21 Mar 2024 13:45:50.000,4374.182459,3878.578141,-4821.962237,-39.675,41.563,1208.678603
21 Mar 2024 13:45:55.000,4391.200883,3893.950714,-4794.023679,-39.402,41.565,1208.578486
21 Mar 2024 13:46:00.000,4408.130755,3909.222459,-4765.975598,-39.128,41.567,1208.478558
21 Mar 2024 13:46:05.000,4424.971615,3924.393094,-4737.818637,-38.854,41.569,1208.378828
21 Mar 2024 13:46:10.000,4441.723008,3939.462340,-4709.553438,-38.581,41.571,1208.279305
21 Mar 2024 13:46:15.000,4458.384478,3954.429919,-4681.180647,-38.307,41.572,1208.179999
21 Mar 2024 13:46:20.000,4474.955574,3969.295558,-4652.700912,-38.034,41.573,1208.080918
21 Mar 2024 13:46:25.000,4491.435844,3984.058985,-4624.114883,-37.760,41.574,1207.982072
21 Mar 2024 13:46:30.000,4507.824839,3998.719932,-4595.423214,-37.486,41.575,1207.883470
21 Mar 2024 13:46:35.000,4524.122113,4013.278131,-4566.626561,-37.212,41.576,1207.785120
21 Mar 2024 13:46:40.000,4540.327219,4027.733319,-4537.725580,-36.939,41.576,1207.687032
21 Mar 2024 13:46:45.000,4556.439715,4042.085236,-4508.720933,-36.665,41.577,1207.589215
21 Mar 2024 13:46:50.000,4572.459159,4056.333624,-4479.613282,-36.391,41.577,1207.491677
21 Mar 2024 13:46:55.000,4588.385112,4070.478226,-4450.403292,-36.117,41.577,1207.394428
21 Mar 2024 13:47:00.000,4604.217136,4084.518790,-4421.091631,-35.844,41.577,1207.297477
21 Mar 2024 13:47:05.000,4619.954796,4098.455066,-4391.678967,-35.570,41.577,1207.200832
21 Mar 2024 13:47:10.000,4635.597658,4112.286806,-4362.165973,-35.296,41.577,1207.104502
21 Mar 2024 13:47:15.000,4651.145290,4126.013765,-4332.553323,-35.022,41.576,1207.008496
21 Mar 2024 13:47:20.000,4666.597262,4139.635702,-4302.841694,-34.748,41.576,1206.912824
21 Mar 2024 13:47:25.000,4681.953148,4153.152376,-4273.031764,-34.474,41.575,1206.817493
21 Mar 2024 13:47:30.000,4697.212520,4166.563552,-4243.124215,-34.200,41.574,1206.722512
21 Mar 2024 13:47:35.000,4712.374957,4179.868994,-4213.119729,-33.926,41.573,1206.627891
21 Mar 2024 13:47:40.000,4727.440035,4193.068473,-4183.018992,-33.652,41.572,1206.533637
21 Mar 2024 13:47:45.000,4742.407336,4206.161758,-4152.822693,-33.378,41.571,1206.439760
21 Mar 2024 13:47:50.000,4757.276441,4219.148625,-4122.531520,-33.104,41.569,1206.346269
21 Mar 2024 13:47:55.000,4772.046936,4232.028850,-4092.146165,-32.830,41.568,1206.253170
21 Mar 2024 13:48:00.000,4786.718408,4244.802213,-4061.667324,-32.556,41.566,1206.160475
21 Mar 2024 13:48:05.000,4801.290443,4257.468496,-4031.095691,-32.282,41.565,1206.068190
21 Mar 2024 13:48:10.000,4815.762635,4270.027484,-4000.431967,-32.008,41.563,1205.976324
21 Mar 2024 13:48:15.000,4830.134575,4282.478965,-3969.676850,-31.734,41.561,1205.884886
21 Mar 2024 13:48:20.000,4844.405858,4294.822729,-3938.831044,-31.460,41.559,1205.793884
21 Mar 2024 13:48:25.000,4858.576083,4307.058570,-3907.895254,-31.186,41.557,1205.703326
21 Mar 2024 13:48:30.000,4872.644847,4319.186284,-3876.870185,-30.912,41.554,1205.613222
21 Mar 2024 13:48:35.000,4886.611753,4331.205668,-3845.756548,-30.638,41.552,1205.523578
21 Mar 2024 13:48:40.000,4900.476404,4343.116526,-3814.555052,-30.364,41.549,1205.434404
21 Mar 2024 13:48:45.000,4914.238406,4354.918661,-3783.266411,-30.090,41.547,1205.345707
21 Mar 2024 13:48:50.000,4927.897367,4366.611879,-3751.891340,-29.815,41.544,1205.257495
21 Mar 2024 13:48:55.000,4941.452898,4378.195992,-3720.430554,-29.541,41.541,1205.169778
21 Mar 2024 13:49:00.000,4954.904610,4389.670811,-3688.884773,-29.267,41.539,1205.082562
21 Mar 2024 13:49:05.000,4968.252118,4401.036151,-3657.254718,-28.993,41.536,1204.995856
21 Mar 2024 13:49:10.000,4981.495040,4412.291832,-3625.541111,-28.718,41.532,1204.909668
21 Mar 2024 13:49:15.000,4994.632994,4423.437672,-3593.744677,-28.444,41.529,1204.824006
21 Mar 2024 13:49:20.000,5007.665602,4434.473497,-3561.866142,-28.170,41.526,1204.738877
21 Mar 2024 13:49:25.000,5020.592487,4445.399132,-3529.906234,-27.896,41.523,1204.654290
21 Mar 2024 13:49:30.000,5033.413276,4456.214407,-3497.865684,-27.621,41.519,1204.570252
21 Mar 2024 13:49:35.000,5046.127596,4466.919154,-3465.745223,-27.347,41.516,1204.486771
21 Mar 2024 13:49:40.000,5058.735078,4477.513206,-3433.545586,-27.073,41.512,1204.403855
21 Mar 2024 13:49:45.000,5071.235355,4487.996402,-3401.267507,-26.798,41.509,1204.321510
21 Mar 2024 13:49:50.000,5083.628062,4498.368583,-3368.911725,-26.524,41.505,1204.239746
21 Mar 2024 13:49:55.000,5095.912837,4508.629590,-3336.478978,-26.250,41.501,1204.158569
21 Mar 2024 13:50:00.000,5108.089319,4518.779270,-3303.970008,-25.975,41.497,1204.077987