"Time (UTCG)","Satellite10219 - Satellite11501 - x (km)","Satellite10219 - Satellite11501 - y (km)","Satellite10219 - Satellite11501 - z (km)","Lat (deg)","Lon (deg)","Alt (km)"
21 Mar 2024 13:30:00.000,6261.748384,-1552.618362,-3975.933072,-31.790,-13.926,1205.903429
21 Mar 2024 13:30:05.000,6280.051574,-1557.312795,-3945.109564,-31.516,-13.927,1205.812350
21 Mar 2024 13:30:10.000,6298.208712,-1561.985162,-3914.195929,-31.242,-13.929,1205.721712
21 Mar 2024 13:30:15.000,6316.219400,-1566.635250,-3883.192871,-30.968,-13.930,1205.631526
21 Mar 2024 13:30:20.000,6334.083247,-1571.262846,-3852.101100,-30.694,-13.932,1205.541799
21 Mar 2024 13:30:25.000,6351.799862,-1575.867738,-3820.921325,-30.420,-13.934,1205.452540
21 Mar 2024 13:30:30.000,6369.368861,-1580.449714,-3789.654259,-30.145,-13.936,1205.363756
21 Mar 2024 13:30:35.000,6386.789861,-1585.008561,-3758.300617,-29.871,-13.938,1205.275456
21 Mar 2024 13:30:40.000,6404.062482,-1589.544069,-3726.861114,-29.597,-13.940,1205.187647
21 Mar 2024 13:30:45.000,6421.186351,-1594.056025,-3695.336469,-29.323,-13.942,1205.100339
21 Mar 2024 13:30:50.000,6438.161095,-1598.544219,-3663.727402,-29.049,-13.944,1205.013539
21 Mar 2024 13:30:55.000,6454.986347,-1603.008439,-3632.034636,-28.775,-13.947,1204.927255
21 Mar 2024 13:31:00.000,6471.661741,-1607.448476,-3600.258893,-28.500,-13.949,1204.841495
21 Mar 2024 13:31:05.000,6488.186917,-1611.864118,-3568.400901,-28.226,-13.952,1204.756266
21 Mar 2024 13:31:10.000,6504.561517,-1616.255155,-3536.461386,-27.952,-13.954,1204.671577
21 Mar 2024 13:31:15.000,6520.785187,-1620.621379,-3504.441079,-27.678,-13.957,1204.587436
21 Mar 2024 13:31:20.000,6536.857578,-1624.962578,-3472.340712,-27.403,-13.960,1204.503850
21 Mar 2024 13:31:25.000,6552.778342,-1629.278545,-3440.161016,-27.129,-13.963,1204.420827
21 Mar 2024 13:31:30.000,6568.547136,-1633.569071,-3407.902729,-26.855,-13.966,1204.338374
21 Mar 2024 13:31:35.000,6584.163620,-1637.833946,-3375.566586,-26.580,-13.969,1204.256500
21 Mar 2024 13:31:40.000,6599.627460,-1642.072963,-3343.153326,-26.306,-13.972,1204.175211
21 Mar 2024 13:31:45.000,6614.938322,-1646.285915,-3310.663690,-26.032,-13.976,1204.094515
21 Mar 2024 13:31:50.000,6630.095878,-1650.472593,-3278.098421,-25.757,-13.979,1204.014420
21 Mar 2024 13:31:55.000,6645.099803,-1654.632790,-3245.458261,-25.483,-13.982,1203.934932
21 Mar 2024 13:32:00.000,6659.949776,-1658.766300,-3212.743957,-25.209,-13.986,1203.856060
21 Mar 2024 13:32:05.000,6674.645478,-1662.872917,-3179.956256,-24.934,-13.989,1203.777811
21 Mar 2024 13:32:10.000,6689.186596,-1666.952434,-3147.095908,-24.660,-13.993,1203.700191
21 Mar 2024 13:32:15.000,6703.572820,-1671.004646,-3114.163662,-24.385,-13.997,1203.623208
21 Mar 2024 13:32:20.000,6717.803842,-1675.029348,-3081.160271,-24.111,-14.001,1203.546869
21 Mar 2024 13:32:25.000,6731.879359,-1679.026334,-3048.086490,-23.837,-14.005,1203.471181
21 Mar 2024 13:32:30.000,6745.799073,-1682.995401,-3014.943074,-23.562,-14.009,1203.396151
21 Mar 2024 13:32:35.000,6759.562687,-1686.936345,-2981.730779,-23.288,-14.013,1203.321786
21 Mar 2024 13:32:40.000,6773.169910,-1690.848961,-2948.450365,-23.013,-14.017,1203.248092
21 Mar 2024 13:32:45.000,6786.620452,-1694.733048,-2915.102593,-22.739,-14.021,1203.175077
21 Mar 2024 13:32:50.000,6799.914030,-1698.588402,-2881.688223,-22.464,-14.025,1203.102747
21 Mar 2024 13:32:55.000,6813.050363,-1702.414821,-2848.208019,-22.190,-14.030,1203.031110
21 Mar 2024 13:33:00.000,6826.029173,-1706.212103,-2814.662747,-21.915,-14.034,1202.960170
21 Mar 2024 13:33:05.000,6838.850187,-1709.980047,-2781.053172,-21.640,-14.038,1202.889936
21 Mar 2024 13:33:10.000,6851.513136,-1713.718453,-2747.380062,-21.366,-14.043,1202.820413
21 Mar 2024 13:33:15.000,6864.017752,-1717.427119,-2713.644187,-21.091,-14.047,1202.751608
21 Mar 2024 13:33:20.000,6876.363775,-1721.105846,-2679.846318,-20.817,-14.052,1202.683528
21 Mar 2024 13:33:25.000,6888.550946,-1724.754434,-2645.987226,-20.542,-14.057,1202.616178
21 Mar 2024 13:33:30.000,6900.579009,-1728.372686,-2612.067684,-20.267,-14.061,1202.549564
21 Mar 2024 13:33:35.000,6912.447714,-1731.960401,-2578.088469,-19.993,-14.066,1202.483694
21 Mar 2024 13:33:40.000,6924.156814,-1735.517383,-2544.050356,-19.718,-14.071,1202.418573
21 Mar 2024 13:33:45.000,6935.706066,-1739.043434,-2509.954123,-19.444,-14.076,1202.354206
21 Mar 2024 13:33:50.000,6947.095228,-1742.538357,-2475.800548,-19.169,-14.081,1202.290601
21 Mar 2024 13:33:55.000,6958.324067,-1746.001956,-2441.590412,-18.894,-14.086,1202.227762
21 Mar 2024 13:34:00.000,6969.392349,-1749.434035,-2407.324497,-18.620,-14.091,1202.165696
21 Mar 2024 13:34:05.000,6980.299846,-1752.834400,-2373.003586,-18.345,-14.096,1202.104408
21 Mar 2024 13:34:10.000,6991.046334,-1756.202854,-2338.628461,-18.070,-14.101,1202.043904
21 Mar 2024 13:34:15.000,7001.631592,-1759.539205,-2304.199910,-17.796,-14.107,1201.984189
21 Mar 2024 13:34:20.000,7012.055403,-1762.843258,-2269.718718,-17.521,-14.112,1201.925270
21 Mar 2024 13:34:25.000,7022.317555,-1766.114821,-2235.185672,-17.246,-14.117,1201.867151
21 Mar 2024 13:34:30.000,7032.417837,-1769.353702,-2200.601563,-16.971,-14.122,1201.809838
21 Mar 2024 13:34:35.000,7042.356044,-1772.559708,-2165.967180,-16.697,-14.128,1201.753336
21 Mar 2024 13:34:40.000,7052.131975,-1775.732648,-2131.283314,-16.422,-14.133,1201.697651
21 Mar 2024 13:34:45.000,7061.745431,-1778.872333,-2096.550758,-16.147,-14.139,1201.642787
21 Mar 2024 13:34:50.000,7071.196219,-1781.978571,-2061.770305,-15.872,-14.144,1201.588749
21 Mar 2024 13:34:55.000,7080.484149,-1785.051174,-2026.942750,-15.598,-14.150,1201.535543
21 Mar 2024 13:35:00.000,7089.609034,-1788.089953,-1992.068888,-15.323,-14.156,1201.483174
21 Mar 2024 13:35:05.000,7098.570692,-1791.094720,-1957.149516,-15.048,-14.161,1201.431645
21 Mar 2024 13:35:10.000,7107.368944,-1794.065287,-1922.185432,-14.773,-14.167,1201.380963
21 Mar 2024 13:35:15.000,7116.003615,-1797.001468,-1887.177435,-14.498,-14.173,1201.331132
21 Mar 2024 13:35:20.000,7124.474534,-1799.903076,-1852.126324,-14.224,-14.178,1201.282156
21 Mar 2024 13:35:25.000,7132.781535,-1802.769926,-1817.032900,-13.949,-14.184,1201.234039
21 Mar 2024 13:35:30.000,7140.924453,-1805.601834,-1781.897965,-13.674,-14.190,1201.186787
21 Mar 2024 13:35:35.000,7148.903131,-1808.398614,-1746.722322,-13.399,-14.196,1201.140404
21 Mar 2024 13:35:40.000,7156.717411,-1811.160084,-1711.506774,-13.124,-14.202,1201.094894
21 Mar 2024 13:35:45.000,7164.367143,-1813.886062,-1676.252126,-12.849,-14.208,1201.050260
21 Mar 2024 13:35:50.000,7171.852178,-1816.576364,-1640.959182,-12.574,-14.214,1201.006508
21 Mar 2024 13:35:55.000,7179.172374,-1819.230809,-1605.628750,-12.300,-14.220,1200.963642
21 Mar 2024 13:36:00.000,7186.327589,-1821.849218,-1570.261637,-12.025,-14.226,1200.921664
21 Mar 2024 13:36:05.000,7193.317687,-1824.431409,-1534.858650,-11.750,-14.232,1200.880580
21 Mar 2024 13:36:10.000,7200.142537,-1826.977204,-1499.420599,-11.475,-14.238,1200.840393
21 Mar 2024 13:36:15.000,7206.802010,-1829.486424,-1463.948292,-11.200,-14.244,1200.801106
21 Mar 2024 13:36:20.000,7213.295981,-1831.958892,-1428.442541,-10.925,-14.250,1200.762723
21 Mar 2024 13:36:25.000,7219.624331,-1834.394431,-1392.904156,-10.650,-14.256,1200.725249
21 Mar 2024 13:36:30.000,7225.786941,-1836.792864,-1357.333950,-10.375,-14.262,1200.688685
21 Mar 2024 13:36:35.000,7231.783700,-1839.154015,-1321.732734,-10.100,-14.269,1200.653037
21 Mar 2024 13:36:40.000,7237.614498,-1841.477711,-1286.101323,-9.825,-14.275,1200.618306
21 Mar 2024 13:36:45.000,7243.279230,-1843.763778,-1250.440530,-9.550,-14.281,1200.584497
21 Mar 2024 13:36:50.000,7248.777796,-1846.012041,-1214.751170,-9.275,-14.288,1200.551611
21 Mar 2024 13:36:55.000,7254.110097,-1848.222329,-1179.034059,-9.001,-14.294,1200.519654
21 Mar 2024 13:37:00.000,7259.276041,-1850.394470,-1143.290011,-8.726,-14.300,1200.488626
21 Mar 2024 13:37:05.000,7264.275539,-1852.528294,-1107.519845,-8.451,-14.307,1200.458531
21 Mar 2024 13:37:10.000,7269.108504,-1854.623630,-1071.724377,-8.176,-14.313,1200.429373
21 Mar 2024 13:37:15.000,7273.774855,-1856.680309,-1035.904425,-7.901,-14.319,1200.401153
21 Mar 2024 13:37:20.000,7278.274515,-1858.698163,-1000.060807,-7.626,-14.326,1200.373874
21 Mar 2024 13:37:25.000,7282.607409,-1860.677025,-964.194342,-7.351,-14.332,1200.347540
21 Mar 2024 13:37:30.000,7286.773468,-1862.616728,-928.305849,-7.076,-14.339,1200.322151
21 Mar 2024 13:37:35.000,7290.772625,-1864.517105,-892.396149,-6.801,-14.345,1200.297711
21 Mar 2024 13:37:40.000,7294.604819,-1866.377992,-856.466061,-6.526,-14.352,1200.274221
21 Mar 2024 13:37:45.000,7298.269992,-1868.199226,-820.516407,-6.251,-14.358,1200.251685
21 Mar 2024 13:37:50.000,7301.768088,-1869.980641,-784.548008,-5.976,-14.365,1200.230104
21 Mar 2024 13:37:55.000,7305.099059,-1871.722077,-748.561686,-5.701,-14.371,1200.209479
21 Mar 2024 13:38:00.000,7308.262857,-1873.423372,-712.558262,-5.426,-14.378,1200.189814
21 Mar 2024 13:38:05.000,7311.259440,-1875.084364,-676.538559,-5.151,-14.384,1200.171110
21 Mar 2024 13:38:10.000,7314.088769,-1876.704894,-640.503401,-4.876,-14.391,1200.153368
21 Mar 2024 13:38:15.000,7316.750810,-1878.284804,-604.453610,-4.601,-14.398,1200.136590
21 Mar 2024 13:38:20.000,7319.245532,-1879.823935,-568.390009,-4.326,-14.404,1200.120778
21 Mar 2024 13:38:25.000,7321.572908,-1881.322131,-532.313424,-4.051,-14.411,1200.105933
21 Mar 2024 13:38:30.000,7323.732915,-1882.779234,-496.224678,-3.776,-14.417,1200.092056
21 Mar 2024 13:38:35.000,7325.725535,-1884.195090,-460.124595,-3.501,-14.424,1200.079149
21 Mar 2024 13:38:40.000,7327.550751,-1885.569545,-424.014000,-3.226,-14.431,1200.067214
21 Mar 2024 13:38:45.000,7329.208553,-1886.902445,-387.893719,-2.951,-14.437,1200.056250
21 Mar 2024 13:38:50.000,7330.698934,-1888.193638,-351.764575,-2.676,-14.444,1200.046260
21 Mar 2024 13:38:55.000,7332.021890,-1889.442971,-315.627396,-2.401,-14.451,1200.037243
21 Mar 2024 13:39:00.000,7333.177422,-1890.650296,-279.483006,-2.126,-14.457,1200.029202
21 Mar 2024 13:39:05.000,7334.165534,-1891.815461,-243.332231,-1.850,-14.464,1200.022136
21 Mar 2024 13:39:10.000,7334.986234,-1892.938319,-207.175897,-1.575,-14.471,1200.016047
21 Mar 2024 13:39:15.000,7335.639536,-1894.018721,-171.014830,-1.300,-14.477,1200.010934
21 Mar 2024 13:39:20.000,7336.125455,-1895.056521,-134.849856,-1.025,-14.484,1200.006798
21 Mar 2024 13:39:25.000,7336.444011,-1896.051574,-98.681801,-0.750,-14.491,1200.003641
21 Mar 2024 13:39:30.000,7336.595228,-1897.003734,-62.511491,-0.475,-14.497,1200.001461
21 Mar 2024 13:39:35.000,7336.579134,-1897.912858,-26.339754,-0.200,-14.504,1200.000259
21 Mar 2024 13:39:40.000,7336.395761,-1898.778803,9.832585,0.075,-14.511,1200.000036
21 Mar 2024 13:39:45.000,7336.045145,-1899.601427,46.004699,0.350,-14.517,1200.000791
21 Mar 2024 13:39:50.000,7335.527326,-1900.380590,82.175763,0.625,-14.524,1200.002525
21 Mar 2024 13:39:55.000,7334.842346,-1901.116152,118.344949,0.900,-14.531,1200.005236
21 Mar 2024 13:40:00.000,7333.990253,-1901.807974,154.511431,1.175,-14.537,1200.008925
21 Mar 2024 13:40:05.000,7332.971100,-1902.455919,190.674384,1.450,-14.544,1200.013592
21 Mar 2024 13:40:10.000,7331.784939,-1903.059850,226.832980,1.725,-14.551,1200.019236
21 Mar 2024 13:40:15.000,7330.431832,-1903.619631,262.986395,2.000,-14.557,1200.025856
21 Mar 2024 13:40:20.000,7328.911841,-1904.135128,299.133801,2.275,-14.564,1200.033453
21 Mar 2024 13:40:25.000,7327.225033,-1904.606207,335.274373,2.550,-14.571,1200.042024
21 Mar 2024 13:40:30.000,7325.371478,-1905.032736,371.407286,2.825,-14.577,1200.051570
21 Mar 2024 13:40:35.000,7323.351252,-1905.414584,407.531714,3.100,-14.584,1200.062090
21 Mar 2024 13:40:40.000,7321.164432,-1905.751620,443.646832,3.375,-14.591,1200.073582
21 Mar 2024 13:40:45.000,7318.811102,-1906.043715,479.751814,3.650,-14.597,1200.086046
21 Mar 2024 13:40:50.000,7316.291347,-1906.290742,515.845836,3.925,-14.604,1200.099480
21 Mar 2024 13:40:55.000,7313.605258,-1906.492572,551.928074,4.200,-14.611,1200.113883
21 Mar 2024 13:41:00.000,7310.752928,-1906.649081,587.997702,4.475,-14.617,1200.129254
21 Mar 2024 13:41:05.000,7307.734456,-1906.760142,624.053897,4.750,-14.624,1200.145591
21 Mar 2024 13:41:10.000,7304.549944,-1906.825633,660.095835,5.025,-14.630,1200.162894
21 Mar 2024 13:41:15.000,7301.199497,-1906.845431,696.122693,5.300,-14.637,1200.181159
21 Mar 2024 13:41:20.000,7297.683224,-1906.819415,732.133648,5.575,-14.643,1200.200386
21 Mar 2024 13:41:25.000,7294.001239,-1906.747463,768.127876,5.850,-14.650,1200.220573
21 Mar 2024 13:41:30.000,7290.153659,-1906.629457,804.104557,6.125,-14.657,1200.241718
21 Mar 2024 13:41:35.000,7286.140605,-1906.465279,840.062867,6.400,-14.663,1200.263819
21 Mar 2024 13:41:40.000,7281.962202,-1906.254811,876.001985,6.675,-14.670,1200.286873
21 Mar 2024 13:41:45.000,7277.618579,-1905.997938,911.921091,6.950,-14.676,1200.310880
21 Mar 2024 13:41:50.000,7273.109868,-1905.694545,947.819363,7.225,-14.683,1200.335836
21 Mar 2024 13:41:55.000,7268.436205,-1905.344518,983.695982,7.500,-14.689,1200.361739
21 Mar 2024 13:42:00.000,7263.597732,-1904.947746,1019.550128,7.775,-14.695,1200.388588
21 Mar 2024 13:42:05.000,7258.594591,-1904.504117,1055.380982,8.050,-14.702,1200.416378
21 Mar 2024 13:42:10.000,7253.426932,-1904.013520,1091.187725,8.325,-14.708,1200.445109
21 Mar 2024 13:42:15.000,7248.094905,-1903.475848,1126.969539,8.600,-14.715,1200.474776
21 Mar 2024 13:42:20.000,7242.598665,-1902.890992,1162.725607,8.875,-14.721,1200.505379
21 Mar 2024 13:42:25.000,7236.938373,-1902.258846,1198.455112,9.150,-14.727,1200.536912
21 Mar 2024 13:42:30.000,7231.114192,-1901.579304,1234.157237,9.425,-14.734,1200.569375
21 Mar 2024 13:42:35.000,7225.126288,-1900.852263,1269.831168,9.700,-14.740,1200.602763
21 Mar 2024 13:42:40.000,7218.974831,-1900.077619,1305.476088,9.975,-14.746,1200.637073
21 Mar 2024 13:42:45.000,7212.659998,-1899.255271,1341.091185,10.250,-14.752,1200.672304
21 Mar 2024 13:42:50.000,7206.181965,-1898.385119,1376.675643,10.525,-14.759,1200.708450
21 Mar 2024 13:42:55.000,7199.540914,-1897.467062,1412.228650,10.800,-14.765,1200.745509
21 Mar 2024 13:43:00.000,7192.737033,-1896.501004,1447.749394,11.075,-14.771,1200.783478
21 Mar 2024 13:43:05.000,7185.770510,-1895.486846,1483.237064,11.349,-14.777,1200.822352
21 Mar 2024 13:43:10.000,7178.641538,-1894.424495,1518.690848,11.624,-14.783,1200.862129
21 Mar 2024 13:43:15.000,7171.350315,-1893.313854,1554.109937,11.899,-14.789,1200.902804
21 Mar 2024 13:43:20.000,7163.897042,-1892.154832,1589.493522,12.174,-14.795,1200.944375
21 Mar 2024 13:43:25.000,7156.281923,-1890.947336,1624.840793,12.449,-14.801,1200.986836
21 Mar 2024 13:43:30.000,7148.505166,-1889.691276,1660.150944,12.724,-14.807,1201.030185
21 Mar 2024 13:43:35.000,7140.566985,-1888.386562,1695.423169,12.999,-14.813,1201.074416
21 Mar 2024 13:43:40.000,7132.467593,-1887.033106,1730.656660,13.274,-14.819,1201.119527
21 Mar 2024 13:43:45.000,7124.207212,-1885.630822,1765.850613,13.548,-14.825,1201.165512
21 Mar 2024 13:43:50.000,7115.786065,-1884.179623,1801.004225,13.823,-14.831,1201.212369
21 Mar 2024 13:43:55.000,7107.204377,-1882.679426,1836.116692,14.098,-14.837,1201.260091
21 Mar 2024 13:44:00.000,7098.462381,-1881.130148,1871.187212,14.373,-14.843,1201.308675
21 Mar 2024 13:44:05.000,7089.560310,-1879.531707,1906.214983,14.648,-14.848,1201.358117
21 Mar 2024 13:44:10.000,7080.498403,-1877.884021,1941.199206,14.923,-14.854,1201.408411
21 Mar 2024 13:44:15.000,7071.276901,-1876.187014,1976.139081,15.197,-14.860,1201.459554
21 Mar 2024 13:44:20.000,7061.896050,-1874.440605,2011.033810,15.472,-14.865,1201.511540
21 Mar 2024 13:44:25.000,7052.356099,-1872.644720,2045.882596,15.747,-14.871,1201.564365
21 Mar 2024 13:44:30.000,7042.657301,-1870.799282,2080.684643,16.022,-14.876,1201.618024
21 Mar 2024 13:44:35.000,7032.799912,-1868.904218,2115.439155,16.296,-14.882,1201.672511
21 Mar 2024 13:44:40.000,7022.784192,-1866.959455,2150.145339,16.571,-14.887,1201.727823
21 Mar 2024 13:44:45.000,7012.610405,-1864.964922,2184.802402,16.846,-14.893,1201.783953
21 Mar 2024 13:44:50.000,7002.278819,-1862.920549,2219.409552,17.121,-14.898,1201.840896
21 Mar 2024 13:44:55.000,6991.789705,-1860.826267,2253.965998,17.395,-14.903,1201.898648
21 Mar 2024 13:45:00.000,6981.143337,-1858.682009,2288.470951,17.670,-14.909,1201.957203
21 Mar 2024 13:45:05.000,6970.339993,-1856.487709,2322.923622,17.945,-14.914,1202.016555
21 Mar 2024 13:45:10.000,6959.379956,-1854.243303,2357.323226,18.220,-14.919,1202.076699
21 Mar 2024 13:45:15.000,6948.263511,-1851.948727,2391.668975,18.494,-14.924,1202.137630
21 Mar 2024 13:45:20.000,6936.990947,-1849.603919,2425.960084,18.769,-14.929,1202.199342
21 Mar 2024 13:45:25.000,6925.562557,-1847.208818,2460.195772,19.044,-14.934,1202.261829
21 Mar 2024 13:45:30.000,6913.978638,-1844.763366,2494.375255,19.318,-14.939,1202.325085
21 Mar 2024 13:45:35.000,6902.239488,-1842.267505,2528.497753,19.593,-14.944,1202.389105
21 Mar 2024 13:45:40.000,6890.345411,-1839.721178,2562.562485,19.868,-14.949,1202.453883
21 Mar 2024 13:45:45.000,6878.296715,-1837.124330,2596.568675,20.142,-14.954,1202.519412
21 Mar 2024 13:45:50.000,6866.093710,-1834.476907,2630.515545,20.417,-14.959,1202.585687
21 Mar 2024 13:45:55.000,6853.736710,-1831.778856,2664.402319,20.691,-14.964,1202.652702
21 Mar 2024 13:46:00.000,6841.226033,-1829.030128,2698.228223,20.966,-14.968,1202.720450
21 Mar 2024 13:46:05.000,6828.562000,-1826.230672,2731.992485,21.241,-14.973,1202.788925
21 Mar 2024 13:46:10.000,6815.744935,-1823.380440,2765.694333,21.515,-14.977,1202.858121
21 Mar 2024 13:46:15.000,6802.775167,-1820.479386,2799.332997,21.790,-14.982,1202.928031
21 Mar 2024 13:46:20.000,6789.653027,-1817.527463,2832.907709,22.064,-14.986,1202.998649
21 Mar 2024 13:46:25.000,6776.378850,-1814.524628,2866.417702,22.339,-14.991,1203.069969
21 Mar 2024 13:46:30.000,6762.952976,-1811.470838,2899.862209,22.613,-14.995,1203.141984
21 Mar 2024 13:46:35.000,6749.375747,-1808.366052,2933.240468,22.888,-14.999,1203.214687
21 Mar 2024 13:46:40.000,6735.647507,-1805.210230,2966.551715,23.162,-15.003,1203.288072
21 Mar 2024 13:46:45.000,6721.768606,-1802.003334,2999.795190,23.437,-15.007,1203.362131
21 Mar 2024 13:46:50.000,6707.739397,-1798.745327,3032.970133,23.711,-15.011,1203.436859
21 Mar 2024 13:46:55.000,6693.560235,-1795.436172,3066.075786,23.986,-15.015,1203.512248
21 Mar 2024 13:47:00.000,6679.231480,-1792.075837,3099.111393,24.260,-15.019,1203.588290
21 Mar 2024 13:47:05.000,6664.753494,-1788.664288,3132.076199,24.535,-15.023,1203.664980
21 Mar 2024 13:47:10.000,6650.126645,-1785.201494,3164.969451,24.809,-15.027,1203.742310
21 Mar 2024 13:47:15.000,6635.351301,-1781.687426,3197.790398,25.083,-15.030,1203.820274
21 Mar 2024 13:47:20.000,6620.427835,-1778.122054,3230.538289,25.358,-15.034,1203.898862
21 Mar 2024 13:47:25.000,6605.356624,-1774.505351,3263.212377,25.632,-15.037,1203.978070
21 Mar 2024 13:47:30.000,6590.138048,-1770.837293,3295.811915,25.907,-15.041,1204.057889
21 Mar 2024 13:47:35.000,6574.772490,-1767.117855,3328.336158,26.181,-15.044,1204.138311
21 Mar 2024 13:47:40.000,6559.260336,-1763.347015,3360.784364,26.455,-15.047,1204.219330
21 Mar 2024 13:47:45.000,6543.601976,-1759.524751,3393.155791,26.730,-15.050,1204.300939
21 Mar 2024 13:47:50.000,6527.797804,-1755.651043,3425.449699,27.004,-15.053,1204.383128
21 Mar 2024 13:47:55.000,6511.848215,-1751.725874,3457.665351,27.278,-15.056,1204.465892
21 Mar 2024 13:48:00.000,6495.753610,-1747.749226,3489.802011,27.552,-15.059,1204.549222
21 Mar 2024 13:48:05.000,6479.514391,-1743.721084,3521.858944,27.827,-15.062,1204.633111
21 Mar 2024 13:48:10.000,6463.130966,-1739.641434,3553.835419,28.101,-15.065,1204.717551
21 Mar 2024 13:48:15.000,6446.603744,-1735.510264,3585.730704,28.375,-15.068,1204.802534
21 Mar 2024 13:48:20.000,6429.933137,-1731.327563,3617.544072,28.649,-15.070,1204.888053
21 Mar 2024 13:48:25.000,6413.119563,-1727.093321,3649.274794,28.924,-15.073,1204.974099
21 Mar 2024 13:48:30.000,6396.163440,-1722.807531,3680.922147,29.198,-15.075,1205.060665
21 Mar 2024 13:48:35.000,6379.065191,-1718.470185,3712.485407,29.472,-15.077,1205.147742
21 Mar 2024 13:48:40.000,6361.825243,-1714.081278,3743.963854,29.746,-15.079,1205.235323
21 Mar 2024 13:48:45.000,6344.444024,-1709.640808,3775.356768,30.020,-15.081,1205.323400
21 Mar 2024 13:48:50.000,6326.921967,-1705.148772,3806.663431,30.294,-15.083,1205.411964
21 Mar 2024 13:48:55.000,6309.259508,-1700.605169,3837.883129,30.569,-15.085,1205.501007
21 Mar 2024 13:49:00.000,6291.457084,-1696.010001,3869.015149,30.843,-15.087,1205.590522
21 Mar 2024 13:49:05.000,6273.515139,-1691.363269,3900.058779,31.117,-15.088,1205.680500
21 Mar 2024 13:49:10.000,6255.434118,-1686.664978,3931.013310,31.391,-15.090,1205.770932
21 Mar 2024 13:49:15.000,6237.214467,-1681.915133,3961.878035,31.665,-15.091,1205.861811
21 Mar 2024 13:49:20.000,6218.856640,-1677.113741,3992.652249,31.939,-15.093,1205.953128
21 Mar 2024 13:49:25.000,6200.361091,-1672.260809,4023.335248,32.213,-15.094,1206.044874
21 Mar 2024 13:49:30.000,6181.728277,-1667.356349,4053.926332,32.487,-15.095,1206.137042
21 Mar 2024 13:49:35.000,6162.958659,-1662.400372,4084.424802,32.761,-15.096,1206.229622
21 Mar 2024 13:49:40.000,6144.052701,-1657.392890,4114.829961,33.035,-15.097,1206.322607
21 Mar 2024 13:49:45.000,6125.010870,-1652.333917,4145.141114,33.309,-15.097,1206.415987
21 Mar 2024 13:49:50.000,6105.833636,-1647.223471,4175.357570,33.583,-15.098,1206.509755
21 Mar 2024 13:49:55.000,6086.521473,-1642.061567,4205.478637,33.857,-15.098,1206.603901
21 Mar 2024 13:50:00.000,6067.074855,-1636.848225,4235.503627,34.131,-15.098,1206.698417