"Time (UTCG)","Satellite10215 - Satellite11501 - x (km)","Satellite10215 - Satellite11501 - y (km)","Satellite10215 - Satellite11501 - z (km)","Lat (deg)","Lon (deg)","Alt (km)"
21 Mar 2024 13:30:00.000,2736.388150,-958.429283,-7001.553656,-67.619,-19.303,1218.264932
21 Mar 2024 13:30:05.000,2768.921471,-965.748974,-6987.743785,-67.349,-19.228,1218.193194
21 Mar 2024 13:30:10.000,2801.386560,-973.070447,-6973.774275,-67.079,-19.155,1218.120769
21 Mar 2024 13:30:15.000,2833.782680,-980.393487,-6959.645445,-66.808,-19.084,1218.047663
21 Mar 2024 13:30:20.000,2866.109093,-987.717877,-6945.357619,-66.538,-19.015,1217.973883
21 Mar 2024 13:30:25.000,2898.365064,-995.043399,-6930.911122,-66.267,-18.948,1217.899435
21 Mar 2024 13:30:30.000,2930.549860,-1002.369835,-6916.306285,-65.997,-18.883,1217.824328
21 Mar 2024 13:30:35.000,2962.662749,-1009.696967,-6901.543441,-65.726,-18.819,1217.748566
21 Mar 2024 13:30:40.000,2994.703001,-1017.024574,-6886.622927,-65.455,-18.758,1217.672158
21 Mar 2024 13:30:45.000,3026.669889,-1024.352439,-6871.545085,-65.185,-18.698,1217.595110
21 Mar 2024 13:30:50.000,3058.562686,-1031.680340,-6856.310259,-64.914,-18.640,1217.517429
21 Mar 2024 13:30:55.000,3090.380668,-1039.008056,-6840.918796,-64.643,-18.583,1217.439123
21 Mar 2024 13:31:00.000,3122.123113,-1046.335367,-6825.371049,-64.372,-18.528,1217.360197
21 Mar 2024 13:31:05.000,3153.789300,-1053.662051,-6809.667373,-64.101,-18.474,1217.280660
21 Mar 2024 13:31:10.000,3185.378510,-1060.987884,-6793.808126,-63.830,-18.422,1217.200519
21 Mar 2024 13:31:15.000,3216.890026,-1068.312645,-6777.793671,-63.559,-18.371,1217.119780
21 Mar 2024 13:31:20.000,3248.323135,-1075.636111,-6761.624373,-63.288,-18.322,1217.038452
21 Mar 2024 13:31:25.000,3279.677122,-1082.958056,-6745.300602,-63.017,-18.273,1216.956541
21 Mar 2024 13:31:30.000,3310.951276,-1090.278257,-6728.822732,-62.746,-18.226,1216.874055
21 Mar 2024 13:31:35.000,3342.144890,-1097.596490,-6712.191138,-62.474,-18.181,1216.791002
21 Mar 2024 13:31:40.000,3373.257256,-1104.912528,-6695.406200,-62.203,-18.136,1216.707389
21 Mar 2024 13:31:45.000,3404.287669,-1112.226147,-6678.468302,-61.932,-18.093,1216.623224
21 Mar 2024 13:31:50.000,3435.235425,-1119.537119,-6661.377831,-61.660,-18.051,1216.538513
21 Mar 2024 13:31:55.000,3466.099825,-1126.845219,-6644.135177,-61.389,-18.010,1216.453266
21 Mar 2024 13:32:00.000,3496.880170,-1134.150220,-6626.740734,-61.117,-17.970,1216.367490
21 Mar 2024 13:32:05.000,3527.575761,-1141.451893,-6609.194899,-60.846,-17.931,1216.281192
21 Mar 2024 13:32:10.000,3558.185906,-1148.750011,-6591.498074,-60.574,-17.893,1216.194380
21 Mar 2024 13:32:15.000,3588.709911,-1156.044346,-6573.650663,-60.303,-17.855,1216.107063
21 Mar 2024 13:32:20.000,3619.147087,-1163.334668,-6555.653072,-60.031,-17.819,1216.019247
21 Mar 2024 13:32:25.000,3649.496743,-1170.620749,-6537.505715,-59.760,-17.784,1215.930942
21 Mar 2024 13:32:30.000,3679.758196,-1177.902359,-6519.209005,-59.488,-17.750,1215.842155
21 Mar 2024 13:32:35.000,3709.930760,-1185.179267,-6500.763359,-59.216,-17.717,1215.752894
21 Mar 2024 13:32:40.000,3740.013753,-1192.451245,-6482.169201,-58.944,-17.684,1215.663168
21 Mar 2024 13:32:45.000,3770.006497,-1199.718060,-6463.426953,-58.673,-17.652,1215.572984
21 Mar 2024 13:32:50.000,3799.908314,-1206.979481,-6444.537045,-58.401,-17.622,1215.482351
21 Mar 2024 13:32:55.000,3829.718529,-1214.235278,-6425.499908,-58.129,-17.592,1215.391276
21 Mar 2024 13:33:00.000,3859.436468,-1221.485218,-6406.315977,-57.857,-17.562,1215.299769
21 Mar 2024 13:33:05.000,3889.061462,-1228.729068,-6386.985691,-57.585,-17.534,1215.207838
21 Mar 2024 13:33:10.000,3918.592842,-1235.966597,-6367.509490,-57.313,-17.506,1215.115490
21 Mar 2024 13:33:15.000,3948.029941,-1243.197572,-6347.887820,-57.041,-17.479,1215.022734
21 Mar 2024 13:33:20.000,3977.372097,-1250.421758,-6328.121129,-56.769,-17.452,1214.929580
21 Mar 2024 13:33:25.000,4006.618648,-1257.638923,-6308.209868,-56.497,-17.427,1214.836034
21 Mar 2024 13:33:30.000,4035.768934,-1264.848833,-6288.154493,-56.225,-17.401,1214.742106
21 Mar 2024 13:33:35.000,4064.822299,-1272.051253,-6267.955462,-55.953,-17.377,1214.647804
21 Mar 2024 13:33:40.000,4093.778089,-1279.245948,-6247.613236,-55.681,-17.353,1214.553137
21 Mar 2024 13:33:45.000,4122.635652,-1286.432685,-6227.128280,-55.409,-17.330,1214.458114
21 Mar 2024 13:33:50.000,4151.394338,-1293.611227,-6206.501062,-55.137,-17.307,1214.362743
21 Mar 2024 13:33:55.000,4180.053501,-1300.781340,-6185.732053,-54.864,-17.286,1214.267032
21 Mar 2024 13:34:00.000,4208.612495,-1307.942787,-6164.821727,-54.592,-17.264,1214.170991
21 Mar 2024 13:34:05.000,4237.070678,-1315.095333,-6143.770563,-54.320,-17.243,1214.074628
21 Mar 2024 13:34:10.000,4265.427410,-1322.238741,-6122.579041,-54.048,-17.223,1213.977952
21 Mar 2024 13:34:15.000,4293.682055,-1329.372775,-6101.247645,-53.775,-17.203,1213.880971
21 Mar 2024 13:34:20.000,4321.833977,-1336.497198,-6079.776863,-53.503,-17.184,1213.783696
21 Mar 2024 13:34:25.000,4349.882544,-1343.611773,-6058.167185,-53.231,-17.165,1213.686133
21 Mar 2024 13:34:30.000,4377.827127,-1350.716263,-6036.419105,-52.958,-17.147,1213.588293
21 Mar 2024 13:34:35.000,4405.667097,-1357.810430,-6014.533120,-52.686,-17.129,1213.490185
21 Mar 2024 13:34:40.000,4433.401831,-1364.894037,-5992.509730,-52.413,-17.112,1213.391816
21 Mar 2024 13:34:45.000,4461.030707,-1371.966846,-5970.349437,-52.141,-17.095,1213.293197
21 Mar 2024 13:34:50.000,4488.553103,-1379.028619,-5948.052748,-51.868,-17.079,1213.194336
21 Mar 2024 13:34:55.000,4515.968405,-1386.079116,-5925.620173,-51.596,-17.063,1213.095242
21 Mar 2024 13:35:00.000,4543.275997,-1393.118101,-5903.052224,-51.323,-17.047,1212.995924
21 Mar 2024 13:35:05.000,4570.475268,-1400.145333,-5880.349417,-51.051,-17.032,1212.896391
21 Mar 2024 13:35:10.000,4597.565608,-1407.160575,-5857.512270,-50.778,-17.018,1212.796653
21 Mar 2024 13:35:15.000,4624.546411,-1414.163587,-5834.541304,-50.505,-17.003,1212.696718
21 Mar 2024 13:35:20.000,4651.417074,-1421.154129,-5811.437046,-50.233,-16.990,1212.596596
21 Mar 2024 13:35:25.000,4678.176995,-1428.131964,-5788.200022,-49.960,-16.976,1212.496295
21 Mar 2024 13:35:30.000,4704.825575,-1435.096850,-5764.830763,-49.687,-16.963,1212.395825
21 Mar 2024 13:35:35.000,4731.362220,-1442.048549,-5741.329804,-49.414,-16.950,1212.295195
21 Mar 2024 13:35:40.000,4757.786336,-1448.986820,-5717.697681,-49.142,-16.938,1212.194414
21 Mar 2024 13:35:45.000,4784.097332,-1455.911424,-5693.934934,-48.869,-16.926,1212.093491
21 Mar 2024 13:35:50.000,4810.294622,-1462.822121,-5670.042106,-48.596,-16.915,1211.992436
21 Mar 2024 13:35:55.000,4836.377621,-1469.718670,-5646.019742,-48.323,-16.903,1211.891258
21 Mar 2024 13:36:00.000,4862.345745,-1476.600832,-5621.868393,-48.050,-16.893,1211.789965
21 Mar 2024 13:36:05.000,4888.198418,-1483.468365,-5597.588609,-47.777,-16.882,1211.688568
21 Mar 2024 13:36:10.000,4913.935061,-1490.321030,-5573.180944,-47.505,-16.872,1211.587075
21 Mar 2024 13:36:15.000,4939.555101,-1497.158585,-5548.645958,-47.232,-16.862,1211.485496
21 Mar 2024 13:36:20.000,4965.057968,-1503.980791,-5523.984209,-46.959,-16.852,1211.383840
21 Mar 2024 13:36:25.000,4990.443093,-1510.787406,-5499.196263,-46.686,-16.843,1211.282116
21 Mar 2024 13:36:30.000,5015.709912,-1517.578191,-5474.282684,-46.413,-16.834,1211.180334
21 Mar 2024 13:36:35.000,5040.857863,-1524.352903,-5449.244042,-46.140,-16.825,1211.078503
21 Mar 2024 13:36:40.000,5065.886385,-1531.111303,-5424.080909,-45.867,-16.817,1210.976632
21 Mar 2024 13:36:45.000,5090.794922,-1537.853149,-5398.793860,-45.594,-16.809,1210.874730
21 Mar 2024 13:36:50.000,5115.582922,-1544.578201,-5373.383473,-45.320,-16.801,1210.772807
21 Mar 2024 13:36:55.000,5140.249832,-1551.286218,-5347.850328,-45.047,-16.793,1210.670873
21 Mar 2024 13:37:00.000,5164.795106,-1557.976958,-5322.195008,-44.774,-16.786,1210.568935
21 Mar 2024 13:37:05.000,5189.218199,-1564.650181,-5296.418100,-44.501,-16.779,1210.467005
21 Mar 2024 13:37:10.000,5213.518569,-1571.305645,-5270.520192,-44.228,-16.772,1210.365090
21 Mar 2024 13:37:15.000,5237.695676,-1577.943111,-5244.501876,-43.955,-16.766,1210.263201
21 Mar 2024 13:37:20.000,5261.748986,-1584.562337,-5218.363747,-43.681,-16.760,1210.161346
21 Mar 2024 13:37:25.000,5285.677965,-1591.163082,-5192.106402,-43.408,-16.754,1210.059536
21 Mar 2024 13:37:30.000,5309.482083,-1597.745105,-5165.730440,-43.135,-16.748,1209.957778
21 Mar 2024 13:37:35.000,5333.160814,-1604.308166,-5139.236464,-42.862,-16.742,1209.856084
21 Mar 2024 13:37:40.000,5356.713633,-1610.852023,-5112.625079,-42.588,-16.737,1209.754461
21 Mar 2024 13:37:45.000,5380.140020,-1617.376437,-5085.896894,-42.315,-16.732,1209.652919
21 Mar 2024 13:37:50.000,5403.439457,-1623.881166,-5059.052519,-42.042,-16.727,1209.551468
21 Mar 2024 13:37:55.000,5426.611429,-1630.365969,-5032.092567,-41.768,-16.722,1209.450117
21 Mar 2024 13:38:00.000,5449.655424,-1636.830607,-5005.017654,-41.495,-16.718,1209.348875
21 Mar 2024 13:38:05.000,5472.570934,-1643.274839,-4977.828398,-41.222,-16.714,1209.247751
21 Mar 2024 13:38:10.000,5495.357454,-1649.698425,-4950.525422,-40.948,-16.710,1209.146754
21 Mar 2024 13:38:15.000,5518.014480,-1656.101124,-4923.109348,-40.675,-16.706,1209.045895
21 Mar 2024 13:38:20.000,5540.541515,-1662.482696,-4895.580803,-40.401,-16.702,1208.945181
21 Mar 2024 13:38:25.000,5562.938061,-1668.842902,-4867.940416,-40.128,-16.699,1208.844623
21 Mar 2024 13:38:30.000,5585.203626,-1675.181501,-4840.188817,-39.854,-16.696,1208.744229
21 Mar 2024 13:38:35.000,5607.337719,-1681.498253,-4812.326643,-39.581,-16.693,1208.644009
21 Mar 2024 13:38:40.000,5629.339855,-1687.792920,-4784.354528,-39.307,-16.690,1208.543971
21 Mar 2024 13:38:45.000,5651.209549,-1694.065262,-4756.273112,-39.034,-16.687,1208.444126
21 Mar 2024 13:38:50.000,5672.946322,-1700.315038,-4728.083036,-38.760,-16.685,1208.344482
21 Mar 2024 13:38:55.000,5694.549695,-1706.542012,-4699.784944,-38.487,-16.682,1208.245048
21 Mar 2024 13:39:00.000,5716.019196,-1712.745942,-4671.379484,-38.213,-16.680,1208.145833
21 Mar 2024 13:39:05.000,5737.354353,-1718.926591,-4642.867303,-37.939,-16.678,1208.046847
21 Mar 2024 13:39:10.000,5758.554699,-1725.083720,-4614.249053,-37.666,-16.677,1207.948098
21 Mar 2024 13:39:15.000,5779.619770,-1731.217090,-4585.525389,-37.392,-16.675,1207.849596
21 Mar 2024 13:39:20.000,5800.549105,-1737.326464,-4556.696965,-37.118,-16.674,1207.751350
21 Mar 2024 13:39:25.000,5821.342245,-1743.411603,-4527.764441,-36.845,-16.672,1207.653368
21 Mar 2024 13:39:30.000,5841.998737,-1749.472270,-4498.728478,-36.571,-16.671,1207.555660
21 Mar 2024 13:39:35.000,5862.518129,-1755.508226,-4469.589740,-36.297,-16.670,1207.458234
21 Mar 2024 13:39:40.000,5882.899974,-1761.519236,-4440.348891,-36.023,-16.669,1207.361100
21 Mar 2024 13:39:45.000,5903.143826,-1767.505061,-4411.006599,-35.750,-16.669,1207.264267
21 Mar 2024 13:39:50.000,5923.249245,-1773.465465,-4381.563536,-35.476,-16.668,1207.167742
21 Mar 2024 13:39:55.000,5943.215791,-1779.400211,-4352.020374,-35.202,-16.668,1207.071536
21 Mar 2024 13:40:00.000,5963.043032,-1785.309064,-4322.377787,-34.928,-16.667,1206.975657
21 Mar 2024 13:40:05.000,5982.730535,-1791.191786,-4292.636454,-34.654,-16.667,1206.880113
21 Mar 2024 13:40:10.000,6002.277872,-1797.048143,-4262.797053,-34.380,-16.667,1206.784914
21 Mar 2024 13:40:15.000,6021.684619,-1802.877898,-4232.860265,-34.106,-16.668,1206.690069
21 Mar 2024 13:40:20.000,6040.950354,-1808.680817,-4202.826776,-33.833,-16.668,1206.595585
21 Mar 2024 13:40:25.000,6060.074660,-1814.456664,-4172.697271,-33.559,-16.668,1206.501472
21 Mar 2024 13:40:30.000,6079.057122,-1820.205206,-4142.472439,-33.285,-16.669,1206.407738
21 Mar 2024 13:40:35.000,6097.897329,-1825.926208,-4112.152969,-33.011,-16.670,1206.314393
21 Mar 2024 13:40:40.000,6116.594873,-1831.619436,-4081.739555,-32.737,-16.670,1206.221443
21 Mar 2024 13:40:45.000,6135.149349,-1837.284656,-4051.232892,-32.463,-16.671,1206.128899
21 Mar 2024 13:40:50.000,6153.560358,-1842.921636,-4020.633676,-32.189,-16.672,1206.036768
21 Mar 2024 13:40:55.000,6171.827501,-1848.530142,-3989.942606,-31.915,-16.674,1205.945059
21 Mar 2024 13:41:00.000,6189.950385,-1854.109942,-3959.160384,-31.641,-16.675,1205.853780
21 Mar 2024 13:41:05.000,6207.928618,-1859.660804,-3928.287713,-31.367,-16.676,1205.762941
21 Mar 2024 13:41:10.000,6225.761815,-1865.182496,-3897.325298,-31.093,-16.678,1205.672548
21 Mar 2024 13:41:15.000,6243.449590,-1870.674786,-3866.273846,-30.819,-16.679,1205.582611
21 Mar 2024 13:41:20.000,6260.991564,-1876.137444,-3835.134067,-30.544,-16.681,1205.493137
21 Mar 2024 13:41:25.000,6278.387361,-1881.570238,-3803.906673,-30.270,-16.683,1205.404136
21 Mar 2024 13:41:30.000,6295.636606,-1886.972940,-3772.592376,-29.996,-16.685,1205.315614
21 Mar 2024 13:41:35.000,6312.738931,-1892.345318,-3741.191892,-29.722,-16.687,1205.227581
21 Mar 2024 13:41:40.000,6329.693969,-1897.687144,-3709.705939,-29.448,-16.689,1205.140044
21 Mar 2024 13:41:45.000,6346.501357,-1902.998189,-3678.135235,-29.174,-16.691,1205.053012
21 Mar 2024 13:41:50.000,6363.160736,-1908.278224,-3646.480503,-28.899,-16.694,1204.966491
21 Mar 2024 13:41:55.000,6379.671751,-1913.527020,-3614.742464,-28.625,-16.696,1204.880492
21 Mar 2024 13:42:00.000,6396.034049,-1918.744352,-3582.921845,-28.351,-16.699,1204.795020
21 Mar 2024 13:42:05.000,6412.247282,-1923.929990,-3551.019372,-28.077,-16.701,1204.710084
21 Mar 2024 13:42:10.000,6428.311104,-1929.083709,-3519.035774,-27.803,-16.704,1204.625693
21 Mar 2024 13:42:15.000,6444.225175,-1934.205283,-3486.971782,-27.528,-16.707,1204.541853
21 Mar 2024 13:42:20.000,6459.989156,-1939.294485,-3454.828128,-27.254,-16.710,1204.458572
21 Mar 2024 13:42:25.000,6475.602713,-1944.351090,-3422.605547,-26.980,-16.713,1204.375859
21 Mar 2024 13:42:30.000,6491.065516,-1949.374874,-3390.304774,-26.705,-16.716,1204.293720
21 Mar 2024 13:42:35.000,6506.377236,-1954.365613,-3357.926548,-26.431,-16.719,1204.212163
21 Mar 2024 13:42:40.000,6521.537551,-1959.323082,-3325.471609,-26.157,-16.722,1204.131196
21 Mar 2024 13:42:45.000,6536.546141,-1964.247058,-3292.940697,-25.882,-16.726,1204.050827
21 Mar 2024 13:42:50.000,6551.402689,-1969.137320,-3260.334556,-25.608,-16.729,1203.971062
21 Mar 2024 13:42:55.000,6566.106882,-1973.993644,-3227.653931,-25.334,-16.733,1203.891908
21 Mar 2024 13:43:00.000,6580.658412,-1978.815809,-3194.899568,-25.059,-16.736,1203.813374
21 Mar 2024 13:43:05.000,6595.056972,-1983.603594,-3162.072217,-24.785,-16.740,1203.735467
21 Mar 2024 13:43:10.000,6609.302262,-1988.356779,-3129.172626,-24.510,-16.744,1203.658193
21 Mar 2024 13:43:15.000,6623.393982,-1993.075143,-3096.201547,-24.236,-16.747,1203.581560
21 Mar 2024 13:43:20.000,6637.331839,-1997.758468,-3063.159734,-23.962,-16.751,1203.505574
21 Mar 2024 13:43:25.000,6651.115541,-2002.406534,-3030.047941,-23.687,-16.755,1203.430244
21 Mar 2024 13:43:30.000,6664.744801,-2007.019123,-2996.866926,-23.413,-16.759,1203.355575
21 Mar 2024 13:43:35.000,6678.219335,-2011.596019,-2963.617445,-23.138,-16.763,1203.281575
21 Mar 2024 13:43:40.000,6691.538864,-2016.137003,-2930.300259,-22.864,-16.767,1203.208250
21 Mar 2024 13:43:45.000,6704.703112,-2020.641859,-2896.916128,-22.589,-16.772,1203.135607
21 Mar 2024 13:43:50.000,6717.711805,-2025.110372,-2863.465816,-22.315,-16.776,1203.063653
21 Mar 2024 13:43:55.000,6730.564675,-2029.542327,-2829.950087,-22.040,-16.780,1202.992395
21 Mar 2024 13:44:00.000,6743.261457,-2033.937508,-2796.369705,-21.765,-16.785,1202.921839
21 Mar 2024 13:44:05.000,6755.801889,-2038.295703,-2762.725439,-21.491,-16.789,1202.851991
21 Mar 2024 13:44:10.000,6768.185714,-2042.616698,-2729.018058,-21.216,-16.794,1202.782858
21 Mar 2024 13:44:15.000,6780.412677,-2046.900281,-2695.248330,-20.942,-16.798,1202.714447
21 Mar 2024 13:44:20.000,6792.482529,-2051.146239,-2661.417028,-20.667,-16.803,1202.646764
21 Mar 2024 13:44:25.000,6804.395022,-2055.354362,-2627.524924,-20.393,-16.808,1202.579814
21 Mar 2024 13:44:30.000,6816.149914,-2059.524439,-2593.572793,-20.118,-16.812,1202.513604
21 Mar 2024 13:44:35.000,6827.746965,-2063.656260,-2559.561411,-19.843,-16.817,1202.448141
21 Mar 2024 13:44:40.000,6839.185941,-2067.749616,-2525.491553,-19.569,-16.822,1202.383430
21 Mar 2024 13:44:45.000,6850.466609,-2071.804299,-2491.364000,-19.294,-16.827,1202.319477
21 Mar 2024 13:44:50.000,6861.588741,-2075.820101,-2457.179530,-19.019,-16.832,1202.256288
21 Mar 2024 13:44:55.000,6872.552115,-2079.796814,-2422.938925,-18.745,-16.837,1202.193870
21 Mar 2024 13:45:00.000,6883.356508,-2083.734234,-2388.642966,-18.470,-16.842,1202.132226
21 Mar 2024 13:45:05.000,6894.001705,-2087.632154,-2354.292437,-18.195,-16.847,1202.071365
21 Mar 2024 13:45:10.000,6904.487492,-2091.490369,-2319.888124,-17.921,-16.852,1202.011290
21 Mar 2024 13:45:15.000,6914.813660,-2095.308675,-2285.430811,-17.646,-16.858,1201.952008
21 Mar 2024 13:45:20.000,6924.980005,-2099.086870,-2250.921286,-17.371,-16.863,1201.893524
21 Mar 2024 13:45:25.000,6934.986324,-2102.824750,-2216.360338,-17.096,-16.868,1201.835843
21 Mar 2024 13:45:30.000,6944.832420,-2106.522113,-2181.748755,-16.822,-16.874,1201.778971
21 Mar 2024 13:45:35.000,6954.518099,-2110.178760,-2147.087330,-16.547,-16.879,1201.722913
21 Mar 2024 13:45:40.000,6964.043170,-2113.794489,-2112.376853,-16.272,-16.885,1201.667674
21 Mar 2024 13:45:45.000,6973.407448,-2117.369102,-2077.618118,-15.997,-16.890,1201.613260
21 Mar 2024 13:45:50.000,6982.610749,-2120.902399,-2042.811918,-15.723,-16.896,1201.559674
21 Mar 2024 13:45:55.000,6991.652895,-2124.394183,-2007.959049,-15.448,-16.901,1201.506923
21 Mar 2024 13:46:00.000,7000.533710,-2127.844257,-1973.060308,-15.173,-16.907,1201.455011
21 Mar 2024 13:46:05.000,7009.253025,-2131.252425,-1938.116491,-14.898,-16.913,1201.403943
21 Mar 2024 13:46:10.000,7017.810670,-2134.618491,-1903.128396,-14.624,-16.918,1201.353723
21 Mar 2024 13:46:15.000,7026.206483,-2137.942260,-1868.096823,-14.349,-16.924,1201.304357
21 Mar 2024 13:46:20.000,7034.440304,-2141.223541,-1833.022573,-14.074,-16.930,1201.255849
21 Mar 2024 13:46:25.000,7042.511977,-2144.462138,-1797.906446,-13.799,-16.936,1201.208202
21 Mar 2024 13:46:30.000,7050.421349,-2147.657861,-1762.749245,-13.524,-16.941,1201.161423
21 Mar 2024 13:46:35.000,7058.168273,-2150.810518,-1727.551774,-13.249,-16.947,1201.115514
21 Mar 2024 13:46:40.000,7065.752605,-2153.919920,-1692.314835,-12.974,-16.953,1201.070481
21 Mar 2024 13:46:45.000,7073.174202,-2156.985876,-1657.039235,-12.700,-16.959,1201.026327
21 Mar 2024 13:46:50.000,7080.432930,-2160.008199,-1621.725778,-12.425,-16.965,1200.983057
21 Mar 2024 13:46:55.000,7087.528654,-2162.986701,-1586.375272,-12.150,-16.971,1200.940674
21 Mar 2024 13:47:00.000,7094.461245,-2165.921195,-1550.988525,-11.875,-16.977,1200.899182
21 Mar 2024 13:47:05.000,7101.230580,-2168.811495,-1515.566345,-11.600,-16.983,1200.858586
21 Mar 2024 13:47:10.000,7107.836535,-2171.657417,-1480.109540,-11.325,-16.989,1200.818888
21 Mar 2024 13:47:15.000,7114.278993,-2174.458777,-1444.618922,-11.050,-16.996,1200.780094
21 Mar 2024 13:47:20.000,7120.557841,-2177.215392,-1409.095300,-10.775,-17.002,1200.742205
21 Mar 2024 13:47:25.000,7126.672968,-2179.927079,-1373.539487,-10.500,-17.008,1200.705226
21 Mar 2024 13:47:30.000,7132.624270,-2182.593657,-1337.952295,-10.226,-17.014,1200.669161
21 Mar 2024 13:47:35.000,7138.411643,-2185.214948,-1302.334537,-9.951,-17.020,1200.634011
21 Mar 2024 13:47:40.000,7144.034988,-2187.790770,-1266.687026,-9.676,-17.027,1200.599782
21 Mar 2024 13:47:45.000,7149.494213,-2190.320946,-1231.010577,-9.401,-17.033,1200.566475
21 Mar 2024 13:47:50.000,7154.789226,-2192.805299,-1195.306004,-9.126,-17.039,1200.534095
21 Mar 2024 13:47:55.000,7159.919940,-2195.243653,-1159.574125,-8.851,-17.046,1200.502643
21 Mar 2024 13:48:00.000,7164.886272,-2197.635831,-1123.815754,-8.576,-17.052,1200.472123
21 Mar 2024 13:48:05.000,7169.688144,-2199.981660,-1088.031709,-8.301,-17.058,1200.442538
21 Mar 2024 13:48:10.000,7174.325480,-2202.280967,-1052.222807,-8.026,-17.065,1200.413890
21 Mar 2024 13:48:15.000,7178.798209,-2204.533579,-1016.389867,-7.751,-17.071,1200.386183
21 Mar 2024 13:48:20.000,7183.106264,-2206.739325,-980.533707,-7.476,-17.078,1200.359417
21 Mar 2024 13:48:25.000,7187.249580,-2208.898034,-944.655146,-7.201,-17.084,1200.333598
21 Mar 2024 13:48:30.000,7191.228098,-2211.009537,-908.755004,-6.926,-17.091,1200.308725
21 Mar 2024 13:48:35.000,7195.041763,-2213.073666,-872.834100,-6.651,-17.097,1200.284802
21 Mar 2024 13:48:40.000,7198.690522,-2215.090254,-836.893257,-6.376,-17.104,1200.261832
21 Mar 2024 13:48:45.000,7202.174327,-2217.059135,-800.933294,-6.101,-17.110,1200.239815
21 Mar 2024 13:48:50.000,7205.493135,-2218.980143,-764.955033,-5.826,-17.117,1200.218755
21 Mar 2024 13:48:55.000,7208.646903,-2220.853115,-728.959297,-5.551,-17.123,1200.198652
21 Mar 2024 13:49:00.000,7211.635597,-2222.677887,-692.946907,-5.276,-17.130,1200.179510
21 Mar 2024 13:49:05.000,7214.459183,-2224.454297,-656.918686,-5.001,-17.136,1200.161329
21 Mar 2024 13:49:10.000,7217.117633,-2226.182186,-620.875458,-4.726,-17.143,1200.144112
21 Mar 2024 13:49:15.000,7219.610922,-2227.861392,-584.818045,-4.451,-17.149,1200.127860
21 Mar 2024 13:49:20.000,7221.939028,-2229.491757,-548.747272,-4.176,-17.156,1200.112574
21 Mar 2024 13:49:25.000,7224.101935,-2231.073124,-512.663963,-3.901,-17.163,1200.098256
21 Mar 2024 13:49:30.000,7226.099629,-2232.605336,-476.568941,-3.626,-17.169,1200.084908
21 Mar 2024 13:49:35.000,7227.932101,-2234.088238,-440.463032,-3.351,-17.176,1200.072530
21 Mar 2024 13:49:40.000,7229.599345,-2235.521675,-404.347061,-3.076,-17.183,1200.061123
21 Mar 2024 13:49:45.000,7231.101359,-2236.905495,-368.221851,-2.801,-17.189,1200.050690
21 Mar 2024 13:49:50.000,7232.438146,-2238.239545,-332.088230,-2.526,-17.196,1200.041229
21 Mar 2024 13:49:55.000,7233.609712,-2239.523675,-295.947022,-2.251,-17.203,1200.032744
21 Mar 2024 13:50:00.000,7234.616066,-2240.757734,-259.799053,-1.976,-17.209,1200.025233