"Time (UTCG)","Satellite10124 - Satellite11501 - x (km)","Satellite10124 - Satellite11501 - y (km)","Satellite10124 - Satellite11501 - z (km)","Lat (deg)","Lon (deg)","Alt (km)"
21 Mar 2024 13:30:00.000,6880.294045,-2697.457991,1677.329614,12.858,-21.408,1201.051611
21 Mar 2024 13:30:05.000,6872.488756,-2695.203252,1712.582297,13.133,-21.414,1201.096270
21 Mar 2024 13:30:10.000,6864.529045,-2692.881547,1747.795855,13.407,-21.420,1201.141806
21 Mar 2024 13:30:15.000,6856.415144,-2690.492814,1782.969484,13.682,-21.425,1201.188215
21 Mar 2024 13:30:20.000,6848.147285,-2688.036997,1818.102380,13.957,-21.431,1201.235492
21 Mar 2024 13:30:25.000,6839.725704,-2685.514037,1853.193740,14.232,-21.437,1201.283634
21 Mar 2024 13:30:30.000,6831.150643,-2682.923881,1888.242764,14.507,-21.442,1201.332635
21 Mar 2024 13:30:35.000,6822.422344,-2680.266476,1923.248649,14.782,-21.448,1201.382491
21 Mar 2024 13:30:40.000,6813.541056,-2677.541770,1958.210596,15.056,-21.454,1201.433198
21 Mar 2024 13:30:45.000,6804.507029,-2674.749713,1993.127808,15.331,-21.459,1201.484750
21 Mar 2024 13:30:50.000,6795.320517,-2671.890257,2027.999485,15.606,-21.465,1201.537144
21 Mar 2024 13:30:55.000,6785.981779,-2668.963357,2062.824831,15.881,-21.470,1201.590374
21 Mar 2024 13:31:00.000,6776.491076,-2665.968967,2097.603051,16.155,-21.475,1201.644436
21 Mar 2024 13:31:05.000,6766.848672,-2662.907045,2132.333350,16.430,-21.481,1201.699323
21 Mar 2024 13:31:10.000,6757.054835,-2659.777550,2167.014935,16.705,-21.486,1201.755032
21 Mar 2024 13:31:15.000,6747.109839,-2656.580443,2201.647013,16.980,-21.491,1201.811558
21 Mar 2024 13:31:20.000,6737.013957,-2653.315685,2236.228793,17.254,-21.497,1201.868894
21 Mar 2024 13:31:25.000,6726.767468,-2649.983241,2270.759485,17.529,-21.502,1201.927035
21 Mar 2024 13:31:30.000,6716.370655,-2646.583077,2305.238301,17.804,-21.507,1201.985977
21 Mar 2024 13:31:35.000,6705.823804,-2643.115161,2339.664452,18.079,-21.512,1202.045714
21 Mar 2024 13:31:40.000,6695.127202,-2639.579462,2374.037152,18.353,-21.517,1202.106241
21 Mar 2024 13:31:45.000,6684.281144,-2635.975950,2408.355616,18.628,-21.522,1202.167551
21 Mar 2024 13:31:50.000,6673.285923,-2632.304600,2442.619060,18.903,-21.527,1202.229639
21 Mar 2024 13:31:55.000,6662.141841,-2628.565385,2476.826701,19.177,-21.532,1202.292499
21 Mar 2024 13:32:00.000,6650.849198,-2624.758281,2510.977757,19.452,-21.537,1202.356126
21 Mar 2024 13:32:05.000,6639.408302,-2620.883268,2545.071449,19.726,-21.541,1202.420514
21 Mar 2024 13:32:10.000,6627.819462,-2616.940325,2579.106997,20.001,-21.546,1202.485656
21 Mar 2024 13:32:15.000,6616.082991,-2612.929434,2613.083624,20.276,-21.551,1202.551547
21 Mar 2024 13:32:20.000,6604.199204,-2608.850578,2647.000554,20.550,-21.555,1202.618181
21 Mar 2024 13:32:25.000,6592.168421,-2604.703742,2680.857011,20.825,-21.560,1202.685551
21 Mar 2024 13:32:30.000,6579.990966,-2600.488914,2714.652223,21.099,-21.565,1202.753652
21 Mar 2024 13:32:35.000,6567.667164,-2596.206082,2748.385417,21.374,-21.569,1202.822477
21 Mar 2024 13:32:40.000,6555.197344,-2591.855237,2782.055823,21.649,-21.573,1202.892019
21 Mar 2024 13:32:45.000,6542.581841,-2587.436371,2815.662671,21.923,-21.578,1202.962273
21 Mar 2024 13:32:50.000,6529.820989,-2582.949478,2849.205193,22.198,-21.582,1203.033231
21 Mar 2024 13:32:55.000,6516.915129,-2578.394555,2882.682624,22.472,-21.586,1203.104888
21 Mar 2024 13:33:00.000,6503.864603,-2573.771599,2916.094199,22.747,-21.590,1203.177236
21 Mar 2024 13:33:05.000,6490.669757,-2569.080610,2949.439154,23.021,-21.594,1203.250270
21 Mar 2024 13:33:10.000,6477.330940,-2564.321588,2982.716727,23.296,-21.598,1203.323981
21 Mar 2024 13:33:15.000,6463.848506,-2559.494538,3015.926158,23.570,-21.602,1203.398365
21 Mar 2024 13:33:20.000,6450.222810,-2554.599464,3049.066689,23.845,-21.606,1203.473412
21 Mar 2024 13:33:25.000,6436.454210,-2549.636373,3082.137563,24.119,-21.610,1203.549118
21 Mar 2024 13:33:30.000,6422.543071,-2544.605273,3115.138023,24.394,-21.613,1203.625474
21 Mar 2024 13:33:35.000,6408.489756,-2539.506175,3148.067316,24.668,-21.617,1203.702474
21 Mar 2024 13:33:40.000,6394.294635,-2534.339091,3180.924690,24.942,-21.621,1203.780110
21 Mar 2024 13:33:45.000,6379.958080,-2529.104035,3213.709393,25.217,-21.624,1203.858376
21 Mar 2024 13:33:50.000,6365.480466,-2523.801023,3246.420678,25.491,-21.627,1203.937265
21 Mar 2024 13:33:55.000,6350.862172,-2518.430073,3279.057797,25.765,-21.631,1204.016768
21 Mar 2024 13:34:00.000,6336.103579,-2512.991203,3311.620003,26.040,-21.634,1204.096879
21 Mar 2024 13:34:05.000,6321.205071,-2507.484435,3344.106554,26.314,-21.637,1204.177590
21 Mar 2024 13:34:10.000,6306.167037,-2501.909793,3376.516707,26.588,-21.640,1204.258894
21 Mar 2024 13:34:15.000,6290.989869,-2496.267301,3408.849722,26.863,-21.643,1204.340784
21 Mar 2024 13:34:20.000,6275.673959,-2490.556986,3441.104859,27.137,-21.646,1204.423251
21 Mar 2024 13:34:25.000,6260.219705,-2484.778877,3473.281383,27.411,-21.649,1204.506289
21 Mar 2024 13:34:30.000,6244.627509,-2478.933004,3505.378557,27.686,-21.652,1204.589889
21 Mar 2024 13:34:35.000,6228.897773,-2473.019399,3537.395649,27.960,-21.654,1204.674044
21 Mar 2024 13:34:40.000,6213.030904,-2467.038096,3569.331928,28.234,-21.657,1204.758746
21 Mar 2024 13:34:45.000,6197.027312,-2460.989132,3601.186663,28.508,-21.659,1204.843988
21 Mar 2024 13:34:50.000,6180.887410,-2454.872543,3632.959127,28.783,-21.662,1204.929761
21 Mar 2024 13:34:55.000,6164.611613,-2448.688370,3664.648594,29.057,-21.664,1205.016058
21 Mar 2024 13:35:00.000,6148.200341,-2442.436655,3696.254340,29.331,-21.666,1205.102871
21 Mar 2024 13:35:05.000,6131.654016,-2436.117439,3727.775643,29.605,-21.668,1205.190191
21 Mar 2024 13:35:10.000,6114.973062,-2429.730769,3759.211783,29.879,-21.670,1205.278011
21 Mar 2024 13:35:15.000,6098.157908,-2423.276692,3790.562042,30.153,-21.672,1205.366323
21 Mar 2024 13:35:20.000,6081.208985,-2416.755256,3821.825703,30.427,-21.674,1205.455118
21 Mar 2024 13:35:25.000,6064.126727,-2410.166511,3853.002053,30.702,-21.675,1205.544389
21 Mar 2024 13:35:30.000,6046.911571,-2403.510511,3884.090378,30.976,-21.677,1205.634127
21 Mar 2024 13:35:35.000,6029.563957,-2396.787310,3915.089970,31.250,-21.678,1205.724324
21 Mar 2024 13:35:40.000,6012.084328,-2389.996964,3946.000119,31.524,-21.679,1205.814971
21 Mar 2024 13:35:45.000,5994.473130,-2383.139530,3976.820119,31.798,-21.681,1205.906061
21 Mar 2024 13:35:50.000,5976.730813,-2376.215070,4007.549267,32.072,-21.682,1205.997584
21 Mar 2024 13:35:55.000,5958.857827,-2369.223644,4038.186860,32.346,-21.683,1206.089534
21 Mar 2024 13:36:00.000,5940.854628,-2362.165316,4068.732198,32.620,-21.683,1206.181900
21 Mar 2024 13:36:05.000,5922.721673,-2355.040152,4099.184584,32.894,-21.684,1206.274675
21 Mar 2024 13:36:10.000,5904.459423,-2347.848219,4129.543322,33.168,-21.685,1206.367849
21 Mar 2024 13:36:15.000,5886.068342,-2340.589586,4159.807719,33.442,-21.685,1206.461416
21 Mar 2024 13:36:20.000,5867.548895,-2333.264324,4189.977082,33.716,-21.686,1206.555365
21 Mar 2024 13:36:25.000,5848.901553,-2325.872506,4220.050723,33.990,-21.686,1206.649689
21 Mar 2024 13:36:30.000,5830.126786,-2318.414207,4250.027954,34.263,-21.686,1206.744378
21 Mar 2024 13:36:35.000,5811.225071,-2310.889504,4279.908091,34.537,-21.686,1206.839424
21 Mar 2024 13:36:40.000,5792.196884,-2303.298473,4309.690451,34.811,-21.686,1206.934819
21 Mar 2024 13:36:45.000,5773.042707,-2295.641197,4339.374354,35.085,-21.685,1207.030553
21 Mar 2024 13:36:50.000,5753.763022,-2287.917757,4368.959122,35.359,-21.685,1207.126617
21 Mar 2024 13:36:55.000,5734.358316,-2280.128238,4398.444078,35.633,-21.684,1207.223004
21 Mar 2024 13:37:00.000,5714.829078,-2272.272724,4427.828550,35.906,-21.683,1207.319703
21 Mar 2024 13:37:05.000,5695.175799,-2264.351304,4457.111865,36.180,-21.682,1207.416707
21 Mar 2024 13:37:10.000,5675.398974,-2256.364067,4486.293355,36.454,-21.681,1207.514006
21 Mar 2024 13:37:15.000,5655.499100,-2248.311105,4515.372354,36.728,-21.680,1207.611591
21 Mar 2024 13:37:20.000,5635.476677,-2240.192511,4544.348196,37.001,-21.679,1207.709454
21 Mar 2024 13:37:25.000,5615.332208,-2232.008381,4573.220220,37.275,-21.677,1207.807585
21 Mar 2024 13:37:30.000,5595.066197,-2223.758810,4601.987766,37.549,-21.675,1207.905976
21 Mar 2024 13:37:35.000,5574.679153,-2215.443898,4630.650177,37.822,-21.673,1208.004617
21 Mar 2024 13:37:40.000,5554.171587,-2207.063746,4659.206798,38.096,-21.671,1208.103499
21 Mar 2024 13:37:45.000,5533.544012,-2198.618457,4687.656978,38.370,-21.669,1208.202614
21 Mar 2024 13:37:50.000,5512.796944,-2190.108134,4716.000065,38.643,-21.667,1208.301952
21 Mar 2024 13:37:55.000,5491.930901,-2181.532884,4744.235413,38.917,-21.664,1208.401504
21 Mar 2024 13:38:00.000,5470.946405,-2172.892815,4772.362375,39.190,-21.661,1208.501261
21 Mar 2024 13:38:05.000,5449.843979,-2164.188037,4800.380311,39.464,-21.659,1208.601214
21 Mar 2024 13:38:10.000,5428.624151,-2155.418662,4828.288579,39.737,-21.655,1208.701353
21 Mar 2024 13:38:15.000,5407.287449,-2146.584804,4856.086543,40.011,-21.652,1208.801671
21 Mar 2024 13:38:20.000,5385.834405,-2137.686578,4883.773566,40.284,-21.649,1208.902156
21 Mar 2024 13:38:25.000,5364.265553,-2128.724102,4911.349017,40.558,-21.645,1209.002801
21 Mar 2024 13:38:30.000,5342.581430,-2119.697494,4938.812265,40.831,-21.641,1209.103595
21 Mar 2024 13:38:35.000,5320.782574,-2110.606876,4966.162684,41.105,-21.637,1209.204531
21 Mar 2024 13:38:40.000,5298.869529,-2101.452371,4993.399648,41.378,-21.633,1209.305597
21 Mar 2024 13:38:45.000,5276.842837,-2092.234104,5020.522535,41.651,-21.628,1209.406786
21 Mar 2024 13:38:50.000,5254.703046,-2082.952200,5047.530725,41.925,-21.623,1209.508088
21 Mar 2024 13:38:55.000,5232.450706,-2073.606790,5074.423601,42.198,-21.618,1209.609494
21 Mar 2024 13:39:00.000,5210.086367,-2064.198002,5101.200550,42.471,-21.613,1209.710994
21 Mar 2024 13:39:05.000,5187.610584,-2054.725970,5127.860959,42.745,-21.608,1209.812579
21 Mar 2024 13:39:10.000,5165.023913,-2045.190827,5154.404219,43.018,-21.602,1209.914240
21 Mar 2024 13:39:15.000,5142.326914,-2035.592709,5180.829723,43.291,-21.596,1210.015968
21 Mar 2024 13:39:20.000,5119.520148,-2025.931753,5207.136869,43.565,-21.590,1210.117753
21 Mar 2024 13:39:25.000,5096.604179,-2016.208100,5233.325055,43.838,-21.584,1210.219585
21 Mar 2024 13:39:30.000,5073.579572,-2006.421890,5259.393683,44.111,-21.577,1210.321457
21 Mar 2024 13:39:35.000,5050.446897,-1996.573268,5285.342157,44.384,-21.570,1210.423357
21 Mar 2024 13:39:40.000,5027.206724,-1986.662377,5311.169885,44.657,-21.563,1210.525278
21 Mar 2024 13:39:45.000,5003.859627,-1976.689364,5336.876275,44.930,-21.556,1210.627209
21 Mar 2024 13:39:50.000,4980.406181,-1966.654379,5362.460742,45.203,-21.548,1210.729142
21 Mar 2024 13:39:55.000,4956.846964,-1956.557572,5387.922701,45.477,-21.540,1210.831067
21 Mar 2024 13:40:00.000,4933.182556,-1946.399096,5413.261569,45.750,-21.532,1210.932974
21 Mar 2024 13:40:05.000,4909.413540,-1936.179103,5438.476769,46.023,-21.523,1211.034855
21 Mar 2024 13:40:10.000,4885.540500,-1925.897751,5463.567723,46.296,-21.515,1211.136700
21 Mar 2024 13:40:15.000,4861.564023,-1915.555197,5488.533860,46.569,-21.505,1211.238500
21 Mar 2024 13:40:20.000,4837.484698,-1905.151601,5513.374607,46.842,-21.496,1211.340245
21 Mar 2024 13:40:25.000,4813.303117,-1894.687125,5538.089399,47.115,-21.486,1211.441927
21 Mar 2024 13:40:30.000,4789.019874,-1884.161930,5562.677670,47.388,-21.476,1211.543535
21 Mar 2024 13:40:35.000,4764.635563,-1873.576184,5587.138858,47.660,-21.466,1211.645062
21 Mar 2024 13:40:40.000,4740.150784,-1862.930052,5611.472406,47.933,-21.455,1211.746496
21 Mar 2024 13:40:45.000,4715.566136,-1852.223703,5635.677756,48.206,-21.444,1211.847830
21 Mar 2024 13:40:50.000,4690.882221,-1841.457308,5659.754356,48.479,-21.433,1211.949054
21 Mar 2024 13:40:55.000,4666.099644,-1830.631039,5683.701655,48.752,-21.421,1212.050158
21 Mar 2024 13:41:00.000,4641.219011,-1819.745070,5707.519107,49.025,-21.409,1212.151134
21 Mar 2024 13:41:05.000,4616.240931,-1808.799577,5731.206168,49.297,-21.397,1212.251971
21 Mar 2024 13:41:10.000,4591.166015,-1797.794738,5754.762297,49.570,-21.384,1212.352662
21 Mar 2024 13:41:15.000,4565.994876,-1786.730732,5778.186954,49.843,-21.371,1212.453197
21 Mar 2024 13:41:20.000,4540.728127,-1775.607741,5801.479606,50.116,-21.358,1212.553567
21 Mar 2024 13:41:25.000,4515.366386,-1764.425947,5824.639720,50.388,-21.344,1212.653761
21 Mar 2024 13:41:30.000,4489.910273,-1753.185536,5847.666766,50.661,-21.329,1212.753773
21 Mar 2024 13:41:35.000,4464.360407,-1741.886693,5870.560220,50.933,-21.315,1212.853591
21 Mar 2024 13:41:40.000,4438.717412,-1730.529609,5893.319557,51.206,-21.299,1212.953208
21 Mar 2024 13:41:45.000,4412.981912,-1719.114472,5915.944258,51.479,-21.284,1213.052614
21 Mar 2024 13:41:50.000,4387.154535,-1707.641475,5938.433806,51.751,-21.268,1213.151800
21 Mar 2024 13:41:55.000,4361.235909,-1696.110811,5960.787688,52.024,-21.251,1213.250756
21 Mar 2024 13:42:00.000,4335.226664,-1684.522677,5983.005391,52.296,-21.234,1213.349475
21 Mar 2024 13:42:05.000,4309.127434,-1672.877269,6005.086410,52.569,-21.217,1213.447947
21 Mar 2024 13:42:10.000,4282.938853,-1661.174786,6027.030239,52.841,-21.199,1213.546163
21 Mar 2024 13:42:15.000,4256.661557,-1649.415430,6048.836378,53.113,-21.181,1213.644113
21 Mar 2024 13:42:20.000,4230.296184,-1637.599402,6070.504327,53.386,-21.162,1213.741790
21 Mar 2024 13:42:25.000,4203.843375,-1625.726907,6092.033592,53.658,-21.143,1213.839184
21 Mar 2024 13:42:30.000,4177.303772,-1613.798152,6113.423682,53.931,-21.123,1213.936287
21 Mar 2024 13:42:35.000,4150.678018,-1601.813343,6134.674107,54.203,-21.102,1214.033089
21 Mar 2024 13:42:40.000,4123.966759,-1589.772692,6155.784382,54.475,-21.081,1214.129582
21 Mar 2024 13:42:45.000,4097.170642,-1577.676408,6176.754024,54.747,-21.060,1214.225756
21 Mar 2024 13:42:50.000,4070.290316,-1565.524705,6197.582556,55.020,-21.038,1214.321604
21 Mar 2024 13:42:55.000,4043.326433,-1553.317797,6218.269500,55.292,-21.015,1214.417116
21 Mar 2024 13:43:00.000,4016.279644,-1541.055902,6238.814384,55.564,-20.992,1214.512284
21 Mar 2024 13:43:05.000,3989.150605,-1528.739238,6259.216739,55.836,-20.968,1214.607100
21 Mar 2024 13:43:10.000,3961.939971,-1516.368023,6279.476099,56.108,-20.944,1214.701553
21 Mar 2024 13:43:15.000,3934.648400,-1503.942481,6299.592001,56.380,-20.918,1214.795637
21 Mar 2024 13:43:20.000,3907.276551,-1491.462834,6319.563985,56.652,-20.893,1214.889341
21 Mar 2024 13:43:25.000,3879.825086,-1478.929308,6339.391595,56.924,-20.866,1214.982659
21 Mar 2024 13:43:30.000,3852.294667,-1466.342130,6359.074378,57.196,-20.839,1215.075581
21 Mar 2024 13:43:35.000,3824.685959,-1453.701527,6378.611885,57.468,-20.811,1215.168099
21 Mar 2024 13:43:40.000,3796.999628,-1441.007730,6398.003668,57.740,-20.782,1215.260204
21 Mar 2024 13:43:45.000,3769.236340,-1428.260971,6417.249286,58.012,-20.753,1215.351888
21 Mar 2024 13:43:50.000,3741.396766,-1415.461484,6436.348298,58.284,-20.723,1215.443143
21 Mar 2024 13:43:55.000,3713.481576,-1402.609503,6455.300269,58.556,-20.692,1215.533960
21 Mar 2024 13:44:00.000,3685.491441,-1389.705267,6474.104764,58.827,-20.660,1215.624332
21 Mar 2024 13:44:05.000,3657.427037,-1376.749013,6492.761355,59.099,-20.628,1215.714250
21 Mar 2024 13:44:10.000,3629.289038,-1363.740981,6511.269615,59.371,-20.594,1215.803705
21 Mar 2024 13:44:15.000,3601.078122,-1350.681415,6529.629122,59.642,-20.560,1215.892690
21 Mar 2024 13:44:20.000,3572.794965,-1337.570556,6547.839455,59.914,-20.525,1215.981197
21 Mar 2024 13:44:25.000,3544.440249,-1324.408652,6565.900200,60.186,-20.489,1216.069217
21 Mar 2024 13:44:30.000,3516.014653,-1311.195948,6583.810943,60.457,-20.452,1216.156742
21 Mar 2024 13:44:35.000,3487.518862,-1297.932694,6601.571275,60.729,-20.414,1216.243766
21 Mar 2024 13:44:40.000,3458.953558,-1284.619139,6619.180791,61.000,-20.374,1216.330279
21 Mar 2024 13:44:45.000,3430.319427,-1271.255535,6636.639088,61.272,-20.334,1216.416274
21 Mar 2024 13:44:50.000,3401.617157,-1257.842136,6653.945767,61.543,-20.293,1216.501743
21 Mar 2024 13:44:55.000,3372.847434,-1244.379198,6671.100433,61.814,-20.251,1216.586678
21 Mar 2024 13:45:00.000,3344.010949,-1230.866977,6688.102694,62.086,-20.208,1216.671072
21 Mar 2024 13:45:05.000,3315.108393,-1217.305731,6704.952162,62.357,-20.163,1216.754916
21 Mar 2024 13:45:10.000,3286.140457,-1203.695720,6721.648451,62.628,-20.118,1216.838204
21 Mar 2024 13:45:15.000,3257.107835,-1190.037206,6738.191181,62.899,-20.071,1216.920928
21 Mar 2024 13:45:20.000,3228.011222,-1176.330453,6754.579973,63.171,-20.022,1217.003080
21 Mar 2024 13:45:25.000,3198.851313,-1162.575725,6770.814452,63.442,-19.973,1217.084652
21 Mar 2024 13:45:30.000,3169.628807,-1148.773289,6786.894249,63.713,-19.922,1217.165638
21 Mar 2024 13:45:35.000,3140.344400,-1134.923412,6802.818996,63.984,-19.870,1217.246031
21 Mar 2024 13:45:40.000,3110.998794,-1121.026365,6818.588328,64.255,-19.816,1217.325821
21 Mar 2024 13:45:45.000,3081.592688,-1107.082419,6834.201886,64.526,-19.761,1217.405004
21 Mar 2024 13:45:50.000,3052.126785,-1093.091846,6849.659313,64.796,-19.705,1217.483570
21 Mar 2024 13:45:55.000,3022.601788,-1079.054920,6864.960255,65.067,-19.646,1217.561514
21 Mar 2024 13:46:00.000,2993.018401,-1064.971919,6880.104364,65.338,-19.587,1217.638828
21 Mar 2024 13:46:05.000,2963.377330,-1050.843118,6895.091293,65.609,-19.525,1217.715505
21 Mar 2024 13:46:10.000,2933.679281,-1036.668798,6909.920699,65.879,-19.462,1217.791538
21 Mar 2024 13:46:15.000,2903.924962,-1022.449239,6924.592245,66.150,-19.397,1217.866920
21 Mar 2024 13:46:20.000,2874.115081,-1008.184723,6939.105595,66.420,-19.330,1217.941645
21 Mar 2024 13:46:25.000,2844.250349,-993.875534,6953.460417,66.691,-19.261,1218.015706
21 Mar 2024 13:46:30.000,2814.331476,-979.521957,6967.656383,66.961,-19.190,1218.089095
21 Mar 2024 13:46:35.000,2784.359174,-965.124278,6981.693169,67.232,-19.118,1218.161807
21 Mar 2024 13:46:40.000,2754.334156,-950.682786,6995.570455,67.502,-19.043,1218.233834
21 Mar 2024 13:46:45.000,2724.257135,-936.197772,7009.287923,67.772,-18.965,1218.305171
21 Mar 2024 13:46:50.000,2694.128826,-921.669525,7022.845260,68.042,-18.886,1218.375810
21 Mar 2024 13:46:55.000,2663.949946,-907.098339,7036.242156,68.312,-18.804,1218.445746
21 Mar 2024 13:47:00.000,2633.721210,-892.484509,7049.478305,68.582,-18.720,1218.514971
21 Mar 2024 13:47:05.000,2603.443337,-877.828329,7062.553406,68.852,-18.633,1218.583480
21 Mar 2024 13:47:10.000,2573.117045,-863.130098,7075.467158,69.122,-18.544,1218.651267
21 Mar 2024 13:47:15.000,2542.743052,-848.390114,7088.219267,69.392,-18.451,1218.718325
21 Mar 2024 13:47:20.000,2512.322080,-833.608677,7100.809442,69.661,-18.356,1218.784649
21 Mar 2024 13:47:25.000,2481.854850,-818.786089,7113.237395,69.931,-18.258,1218.850231
21 Mar 2024 13:47:30.000,2451.342083,-803.922653,7125.502842,70.200,-18.157,1218.915067
21 Mar 2024 13:47:35.000,2420.784502,-789.018674,7137.605503,70.470,-18.053,1218.979151
21 Mar 2024 13:47:40.000,2390.182830,-774.074457,7149.545102,70.739,-17.945,1219.042476
21 Mar 2024 13:47:45.000,2359.537793,-759.090311,7161.321365,71.008,-17.834,1219.105037
21 Mar 2024 13:47:50.000,2328.850114,-744.066545,7172.934024,71.277,-17.719,1219.166828
21 Mar 2024 13:47:55.000,2298.120520,-729.003467,7184.382813,71.546,-17.600,1219.227844
21 Mar 2024 13:48:00.000,2267.349738,-713.901392,7195.667471,71.815,-17.477,1219.288079
21 Mar 2024 13:48:05.000,2236.538494,-698.760631,7206.787741,72.084,-17.350,1219.347528
21 Mar 2024 13:48:10.000,2205.687516,-683.581499,7217.743367,72.352,-17.219,1219.406185
21 Mar 2024 13:48:15.000,2174.797533,-668.364312,7228.534099,72.621,-17.083,1219.464045
21 Mar 2024 13:48:20.000,2143.869275,-653.109389,7239.159692,72.889,-16.943,1219.521103
21 Mar 2024 13:48:25.000,2112.903470,-637.817046,7249.619903,73.157,-16.797,1219.577354
21 Mar 2024 13:48:30.000,2081.900851,-622.487606,7259.914491,73.426,-16.647,1219.632792
21 Mar 2024 13:48:35.000,2050.862146,-607.121388,7270.043223,73.693,-16.490,1219.687412
21 Mar 2024 13:48:40.000,2019.788090,-591.718717,7280.005867,73.961,-16.329,1219.741210
21 Mar 2024 13:48:45.000,1988.679413,-576.279917,7289.802195,74.229,-16.161,1219.794181
21 Mar 2024 13:48:50.000,1957.536848,-560.805312,7299.431983,74.496,-15.986,1219.846320
21 Mar 2024 13:48:55.000,1926.361129,-545.295231,7308.895012,74.763,-15.805,1219.897621
21 Mar 2024 13:49:00.000,1895.152990,-529.750001,7318.191066,75.030,-15.617,1219.948082
21 Mar 2024 13:49:05.000,1863.913165,-514.169952,7327.319931,75.297,-15.422,1219.997696
21 Mar 2024 13:49:10.000,1832.642388,-498.555416,7336.281399,75.564,-15.219,1220.046460
21 Mar 2024 13:49:15.000,1801.341396,-482.906724,7345.075266,75.830,-15.007,1220.094369
21 Mar 2024 13:49:20.000,1770.010923,-467.224210,7353.701331,76.096,-14.787,1220.141419
21 Mar 2024 13:49:25.000,1738.651706,-451.508210,7362.159396,76.362,-14.558,1220.187605
21 Mar 2024 13:49:30.000,1707.264482,-435.759058,7370.449269,76.628,-14.318,1220.232923
21 Mar 2024 13:49:35.000,1675.849987,-419.977094,7378.570759,76.893,-14.069,1220.277370
21 Mar 2024 13:49:40.000,1644.408959,-404.162655,7386.523683,77.158,-13.808,1220.320941
21 Mar 2024 13:49:45.000,1612.942136,-388.316082,7394.307857,77.423,-13.536,1220.363632
21 Mar 2024 13:49:50.000,1581.450255,-372.437716,7401.923104,77.687,-13.252,1220.405440
21 Mar 2024 13:49:55.000,1549.934054,-356.527900,7409.369249,77.951,-12.954,1220.446360
21 Mar 2024 13:50:00.000,1518.394273,-340.586977,7416.646124,78.215,-12.643,1220.486389